[0,1,2,3,0,1,2,0,1,2,0] [0,1,2,3,0,1,2,0,1,2,0] 12 12 True
[0,1,2,3,0,1,2,0,1,2,1] [0,1,2,0,1,2,3,0,1,2,0] 13 12 False
[0,1,2,3,0,1,2,0,1,2,2] [0,1,2,0,1,2,0,1,2,3,0] 14 12 False
[0,1,2,3,0,1,2,2,1,0,1] [0,1,2,3,0,1,0,1,2,3,0] 13 13 False
[0,1,2,3,0,1,2,2,3,0,1] [0,1,0,1,2,3,0,1,2,3,0] 15 13 False
[0,1,2,3,0,1,2,3,0,1,0] [0,1,2,3,0,1,2,0,1,0,1] 13 11 True
[0,1,2,3,0,1,2,3,0,1,1] [0,1,2,0,1,2,3,0,1,0,1] 14 11 False
[0,1,2,3,0,1,2,3,0,1,2] [0,1,2,0,1,2,0,1,2,0,1] 15 10 True
[0,1,2,3,0,1,2,3,1,1,0] [0,1,2,3,0,1,0,1,2,0,1] 14 11 False
[0,1,2,3,0,1,2,3,1,1,2] [0,1,2,0,1,2,0,1,0,1,2] 16 10 False
[0,1,2,3,0,1,2,3,1,2,2] [0,1,2,0,1,0,1,2,0,1,2] 17 10 False
[0,1,2,3,0,1,2,3,1,2,3] [0,1,0,1,2,0,1,2,0,1,2] 18 10 False
[0,1,2,3,0,1,2,3,2,1,0] [0,1,2,3,0,1,0,1,0,1,2] 15 11 False
[0,1,2,3,0,1,2,3,3,0,0] [0,1,0,1,2,3,4,0,1,0,1] 15 13 False
[0,1,2,3,2,1,2,0,1,2,0] [0,1,2,3,0,1,2,0,0,1,2] 14 12 False
[0,1,2,3,2,1,2,0,1,2,1] [0,1,2,0,1,2,3,0,0,1,2] 15 12 False
[0,1,2,3,2,3,2,0,1,2,0] [0,1,2,3,0,0,1,2,0,1,2] 16 12 False
[0,1,2,3,4,0,1,0,1,0,1] [0,1,2,3,0,1,2,3,0,0,0] 13 12 False
[0,1,2,3,4,0,1,2,0,0,0] [0,1,2,3,4,0,1,0,1,0,0] 13 12 False
[0,1,2,3,4,0,1,2,0,1,0] [0,1,2,3,0,1,2,0,1,0,0] 14 10 True
[0,1,2,3,4,0,1,2,0,1,1] [0,1,2,0,1,2,3,0,1,0,0] 15 10 True
[0,1,2,3,4,0,1,2,0,1,2] [0,1,2,0,1,2,0,1,2,0,0] 16 9 True
[0,1,2,3,4,0,1,2,1,1,0] [0,1,2,3,0,1,0,1,2,0,0] 15 10 True
[0,1,2,3,4,0,1,2,3,0,0] [0,1,2,3,0,1,0,1,0,1,0] 16 9 True
[0,1,2,3,4,0,1,2,3,0,1] [0,1,2,0,1,2,0,1,0,1,0] 17 8 True
[0,1,2,3,4,0,1,2,3,1,1] [0,1,2,0,1,0,1,2,0,1,0] 18 8 True
[0,1,2,3,4,0,1,2,3,1,2] [0,1,0,1,2,0,1,2,0,1,0] 19 8 False
[0,1,2,3,4,0,1,2,3,2,0] [0,1,0,1,2,3,0,1,0,1,0] 18 9 False
[0,1,2,3,4,0,1,2,3,2,1] [0,1,2,0,1,0,1,0,1,2,0] 19 8 False
[0,1,2,3,4,0,1,2,3,2,2] [0,1,0,1,2,0,1,0,1,2,0] 20 8 False
[0,1,2,3,4,0,1,2,3,2,3] [0,1,0,1,0,1,2,0,1,2,0] 21 8 False
[0,1,2,3,4,0,1,2,3,4,0] [0,1,2,0,1,0,1,0,1,0,1] 20 7 True
[0,1,2,3,4,0,1,2,3,4,1] [0,1,0,1,2,0,1,0,1,0,1] 21 7 False
[0,1,2,3,4,0,1,2,3,4,2] [0,1,0,1,0,1,2,0,1,0,1] 22 7 False
[0,1,2,3,4,0,1,2,3,4,3] [0,1,0,1,0,1,0,1,2,0,1] 23 7 False
[0,1,2,3,4,0,1,2,3,4,4] [0,1,0,1,0,1,0,1,0,1,2] 24 7 False
[0,1,2,3,4,1,1,2,0,0,0] [0,1,2,3,4,0,1,0,0,1,0] 14 12 False
[0,1,2,3,4,1,1,2,0,1,0] [0,1,2,3,0,1,2,0,0,1,0] 15 10 True
[0,1,2,3,4,1,1,2,0,1,1] [0,1,2,0,1,2,3,0,0,1,0] 16 10 False
[0,1,2,3,4,1,1,2,2,1,0] [0,1,2,3,0,0,1,2,0,1,0] 17 10 False
[0,1,2,3,4,1,1,2,3,0,0] [0,1,2,3,0,1,0,1,0,0,1] 17 9 False
[0,1,2,3,4,1,1,2,3,0,1] [0,1,2,0,1,2,0,1,0,0,1] 18 8 True
[0,1,2,3,4,1,1,2,3,1,1] [0,1,2,0,1,0,1,2,0,0,1] 19 8 False
[0,1,2,3,4,1,1,2,3,1,2] [0,1,0,1,2,0,1,2,0,0,1] 20 8 False
[0,1,2,3,4,1,1,2,3,2,0] [0,1,0,1,2,3,0,1,0,0,1] 19 9 False
[0,1,2,3,4,1,1,2,3,3,1] [0,1,2,0,1,0,0,1,2,0,1] 21 8 False
[0,1,2,3,4,1,1,2,3,3,2] [0,1,0,1,2,0,0,1,2,0,1] 22 8 False
[0,1,2,3,4,1,1,2,3,3,4] [0,1,0,0,1,2,0,1,2,0,1] 24 8 False
[0,1,2,3,4,1,2,2,0,0,0] [0,1,2,3,4,0,0,1,0,1,0] 15 12 False
[0,1,2,3,4,1,2,2,3,0,0] [0,1,2,3,0,1,0,0,1,0,1] 18 9 False
[0,1,2,3,4,1,2,2,3,0,1] [0,1,2,0,1,2,0,0,1,0,1] 19 8 False
[0,1,2,3,4,1,2,2,3,2,0] [0,1,0,1,2,3,0,0,1,0,1] 20 9 False
[0,1,2,3,4,1,2,2,3,2,1] [0,1,2,0,0,1,2,0,1,0,1] 21 8 False
[0,1,2,3,4,1,2,2,3,2,3] [0,0,1,2,0,1,2,0,1,0,1] 23 8 False
[0,1,2,3,4,1,2,2,3,3,1] [0,1,2,0,0,1,0,1,2,0,1] 22 8 False
[0,1,2,3,4,1,2,2,3,3,3] [0,0,1,2,0,1,0,1,2,0,1] 24 8 False
[0,1,2,3,4,1,2,2,3,3,4] [0,0,1,0,1,2,0,1,2,0,1] 25 8 False
[0,1,2,3,4,1,2,3,3,0,0] [0,1,2,3,0,0,1,0,1,0,1] 19 9 False
[0,1,2,3,4,1,2,3,3,3,0] [0,0,1,2,3,0,1,0,1,0,1] 22 9 False
[0,1,2,3,4,2,1,0,1,0,0] [0,1,2,3,4,0,0,1,2,0,0] 14 13 False
[0,1,2,3,4,2,1,2,0,0,0] [0,1,2,3,4,0,1,0,0,0,1] 15 12 False
[0,1,2,3,4,2,1,2,0,1,0] [0,1,2,3,0,1,2,0,0,0,1] 16 10 False
[0,1,2,3,4,2,1,2,0,1,1] [0,1,2,0,1,2,3,0,0,0,1] 17 10 False
[0,1,2,3,4,2,1,2,0,1,2] [0,1,2,0,1,2,0,0,1,2,0] 18 9 False
[0,1,2,3,4,2,1,2,2,1,0] [0,1,2,3,0,0,1,2,0,0,1] 18 10 False
[0,1,2,3,4,2,2,2,0,0,0] [0,1,2,3,4,0,0,1,0,0,1] 16 12 False
[0,1,2,3,4,2,3,2,0,0,0] [0,1,2,3,4,0,0,0,1,0,1] 17 12 False
[0,1,2,3,4,2,3,2,0,1,2] [0,1,2,0,0,1,2,0,1,2,0] 20 9 False
[0,1,2,3,4,2,3,4,0,1,2] [0,0,1,2,0,1,2,0,1,2,0] 22 9 False
[0,1,2,3,4,3,1,0,1,0,1] [0,1,2,3,0,0,1,2,3,0,0] 16 12 False
[0,1,2,3,4,3,4,0,1,0,1] [0,0,1,2,3,0,1,2,3,0,0] 19 12 False
[0,1,2,3,4,4,1,0,1,0,0] [0,1,2,3,4,0,0,0,1,2,0] 16 13 False
[0,1,2,3,4,4,1,2,0,1,2] [0,1,2,0,1,2,0,0,0,1,2] 20 9 False
[0,1,2,3,4,4,3,2,0,1,2] [0,1,2,0,0,1,2,0,0,1,2] 22 9 False
[0,1,2,3,4,4,3,4,0,1,2] [0,0,1,2,0,1,2,0,0,1,2] 24 9 False
[0,1,2,3,4,4,5,2,0,1,2] [0,1,2,0,0,0,1,2,0,1,2] 24 9 False
[0,1,2,3,4,4,5,4,0,1,2] [0,0,1,2,0,0,1,2,0,1,2] 26 9 False
[0,1,2,3,4,4,5,6,0,1,2] [0,0,0,1,2,0,1,2,0,1,2] 28 9 False
[0,1,2,3,4,5,0,0,0,0,0] [0,1,2,3,4,5,0,0,0,0,0] 15 15 False
[0,1,2,3,4,5,0,1,0,0,0] [0,1,2,3,4,0,1,0,0,0,0] 16 11 False
[0,1,2,3,4,5,0,1,0,1,0] [0,1,2,3,0,1,2,0,0,0,0] 17 9 False
[0,1,2,3,4,5,0,1,0,1,1] [0,1,2,0,1,2,3,0,0,0,0] 18 9 False
[0,1,2,3,4,5,0,1,2,0,0] [0,1,2,3,0,1,0,1,0,0,0] 18 8 True
[0,1,2,3,4,5,0,1,2,0,1] [0,1,2,0,1,2,0,1,0,0,0] 19 7 True
[0,1,2,3,4,5,0,1,2,1,1] [0,1,2,0,1,0,1,2,0,0,0] 20 7 True
[0,1,2,3,4,5,0,1,2,1,2] [0,1,0,1,2,0,1,2,0,0,0] 21 7 False
[0,1,2,3,4,5,0,1,2,2,0] [0,1,0,1,2,3,0,1,0,0,0] 20 8 False
[0,1,2,3,4,5,0,1,2,3,0] [0,1,2,0,1,0,1,0,1,0,0] 21 6 True
[0,1,2,3,4,5,0,1,2,3,1] [0,1,0,1,2,0,1,0,1,0,0] 22 6 True
[0,1,2,3,4,5,0,1,2,3,2] [0,1,0,1,0,1,2,0,1,0,0] 23 6 True
[0,1,2,3,4,5,0,1,2,3,3] [0,1,0,1,0,1,0,1,2,0,0] 24 6 False
[0,1,2,3,4,5,0,1,2,3,4] [0,1,0,1,0,1,0,1,0,1,0] 25 5 True
[0,1,2,3,4,5,1,1,0,0,0] [0,1,2,3,4,0,0,1,0,0,0] 17 11 False
[0,1,2,3,4,5,1,1,2,0,0] [0,1,2,3,0,1,0,0,1,0,0] 19 8 False
[0,1,2,3,4,5,1,1,2,0,1] [0,1,2,0,1,2,0,0,1,0,0] 20 7 True
[0,1,2,3,4,5,1,1,2,2,0] [0,1,0,1,2,3,0,0,1,0,0] 21 8 False
[0,1,2,3,4,5,1,1,2,2,1] [0,1,2,0,0,1,2,0,1,0,0] 22 7 False
[0,1,2,3,4,5,1,1,2,2,3] [0,0,1,2,0,1,2,0,1,0,0] 24 7 False
[0,1,2,3,4,5,1,1,2,3,0] [0,1,2,0,1,0,1,0,0,1,0] 22 6 True
[0,1,2,3,4,5,1,1,2,3,1] [0,1,0,1,2,0,1,0,0,1,0] 23 6 True
[0,1,2,3,4,5,1,1,2,3,2] [0,1,0,1,0,1,2,0,0,1,0] 24 6 False
[0,1,2,3,4,5,1,1,2,3,4] [0,1,0,1,0,1,0,1,0,0,1] 26 5 True
[0,1,2,3,4,5,1,2,2,0,0] [0,1,2,3,0,0,1,0,1,0,0] 20 8 False
[0,1,2,3,4,5,1,2,2,3,0] [0,1,2,0,1,0,0,1,0,1,0] 23 6 True
[0,1,2,3,4,5,1,2,2,3,1] [0,1,0,1,2,0,0,1,0,1,0] 24 6 False
[0,1,2,3,4,5,1,2,2,3,3] [0,1,0,0,1,2,0,1,0,1,0] 26 6 False
[0,1,2,3,4,5,1,2,2,3,4] [0,1,0,1,0,1,0,0,1,0,1] 27 5 False
[0,1,2,3,4,5,1,2,3,3,0] [0,1,2,0,0,1,0,1,0,1,0] 24 6 False
[0,1,2,3,4,5,1,2,3,3,2] [0,0,1,2,0,1,0,1,0,1,0] 26 6 False
[0,1,2,3,4,5,1,2,3,3,3] [0,0,1,0,1,2,0,1,0,1,0] 27 6 False
[0,1,2,3,4,5,1,2,3,3,4] [0,1,0,1,0,0,1,0,1,0,1] 28 5 False
[0,1,2,3,4,5,1,2,3,4,4] [0,1,0,0,1,0,1,0,1,0,1] 29 5 False
[0,1,2,3,4,5,1,2,3,4,5] [0,0,1,0,1,0,1,0,1,0,1] 30 5 False
[0,1,2,3,4,5,2,1,0,0,0] [0,1,2,3,4,0,0,0,1,0,0] 18 11 False
[0,1,2,3,4,5,2,1,0,1,0] [0,1,2,3,0,0,1,2,0,0,0] 19 9 False
[0,1,2,3,4,5,2,1,2,0,0] [0,1,2,3,0,1,0,0,0,1,0] 20 8 False
[0,1,2,3,4,5,2,1,2,0,1] [0,1,2,0,1,2,0,0,0,1,0] 21 7 False
[0,1,2,3,4,5,2,1,2,2,0] [0,1,0,1,2,3,0,0,0,1,0] 22 8 False
[0,1,2,3,4,5,2,1,2,2,1] [0,1,2,0,0,1,2,0,0,1,0] 23 7 False
[0,1,2,3,4,5,2,1,2,2,3] [0,0,1,2,0,1,2,0,0,1,0] 25 7 False
[0,1,2,3,4,5,2,1,2,3,0] [0,1,2,0,1,0,1,0,0,0,1] 23 6 True
[0,1,2,3,4,5,2,1,2,3,1] [0,1,0,1,2,0,1,0,0,0,1] 24 6 False
[0,1,2,3,4,5,2,1,2,3,2] [0,1,0,1,0,1,2,0,0,0,1] 25 6 False
[0,1,2,3,4,5,2,2,2,0,0] [0,1,2,3,0,0,1,0,0,1,0] 21 8 False
[0,1,2,3,4,5,2,2,2,3,0] [0,1,2,0,1,0,0,1,0,0,1] 24 6 False
[0,1,2,3,4,5,2,2,2,3,1] [0,1,0,1,2,0,0,1,0,0,1] 25 6 False
[0,1,2,3,4,5,2,2,2,3,3] [0,1,0,0,1,2,0,1,0,0,1] 27 6 False
[0,1,2,3,4,5,2,2,3,3,0] [0,1,2,0,0,1,0,1,0,0,1] 25 6 False
[0,1,2,3,4,5,2,2,3,3,2] [0,0,1,2,0,1,0,1,0,0,1] 27 6 False
[0,1,2,3,4,5,2,2,3,3,3] [0,0,1,0,1,2,0,1,0,0,1] 28 6 False
[0,1,2,3,4,5,2,3,2,0,0] [0,1,2,3,0,0,0,1,0,1,0] 22 8 False
[0,1,2,3,4,5,2,3,2,3,0] [0,1,2,0,1,0,0,0,1,0,1] 25 6 False
[0,1,2,3,4,5,2,3,2,3,1] [0,1,0,1,2,0,0,0,1,0,1] 26 6 False
[0,1,2,3,4,5,2,3,2,3,3] [0,1,0,0,1,2,0,0,1,0,1] 28 6 False
[0,1,2,3,4,5,2,3,3,3,0] [0,1,2,0,0,1,0,0,1,0,1] 26 6 False
[0,1,2,3,4,5,2,3,3,3,2] [0,0,1,2,0,1,0,0,1,0,1] 28 6 False
[0,1,2,3,4,5,2,3,3,3,3] [0,0,1,0,1,2,0,0,1,0,1] 29 6 False
[0,1,2,3,4,5,2,3,4,3,0] [0,1,2,0,0,0,1,0,1,0,1] 27 6 False
[0,1,2,3,4,5,2,3,4,3,2] [0,0,1,2,0,0,1,0,1,0,1] 29 6 False
[0,1,2,3,4,5,3,1,0,0,0] [0,1,2,3,4,0,0,0,0,1,0] 19 11 False
[0,1,2,3,4,5,3,1,2,0,0] [0,1,2,3,0,1,0,0,0,0,1] 21 8 False
[0,1,2,3,4,5,3,1,2,0,1] [0,1,2,0,1,2,0,0,0,0,1] 22 7 False
[0,1,2,3,4,5,3,1,2,2,0] [0,1,0,1,2,3,0,0,0,0,1] 23 8 False
[0,1,2,3,4,5,3,1,2,2,1] [0,1,2,0,0,1,2,0,0,0,1] 24 7 False
[0,1,2,3,4,5,3,1,2,2,3] [0,0,1,2,0,1,2,0,0,0,1] 26 7 False
[0,1,2,3,4,5,3,2,2,0,0] [0,1,2,3,0,0,1,0,0,0,1] 22 8 False
[0,1,2,3,4,5,3,3,2,0,0] [0,1,2,3,0,0,0,1,0,0,1] 23 8 False
[0,1,2,3,4,5,3,4,2,0,0] [0,1,2,3,0,0,0,0,1,0,1] 24 8 False
[0,1,2,3,4,5,4,1,0,0,0] [0,1,2,3,4,0,0,0,0,0,1] 20 11 False
[0,1,2,3,4,5,4,1,0,1,0] [0,1,2,3,0,0,0,1,2,0,0] 21 9 False
[0,1,2,3,4,5,5,0,0,0,0] [0,0,1,2,3,4,5,0,0,0,0] 20 15 False
[0,1,2,3,4,5,6,0,0,0,0] [0,1,2,3,4,0,0,0,0,0,0] 21 10 False
[0,1,2,3,4,5,6,0,1,0,0] [0,1,2,3,0,1,0,0,0,0,0] 22 7 False
[0,1,2,3,4,5,6,0,1,0,1] [0,1,2,0,1,2,0,0,0,0,0] 23 6 True
[0,1,2,3,4,5,6,0,1,2,0] [0,1,2,0,1,0,1,0,0,0,0] 24 5 True
[0,1,2,3,4,5,6,0,1,2,1] [0,1,0,1,2,0,1,0,0,0,0] 25 5 True
[0,1,2,3,4,5,6,0,1,2,2] [0,1,0,1,0,1,2,0,0,0,0] 26 5 True
[0,1,2,3,4,5,6,0,1,2,3] [0,1,0,1,0,1,0,1,0,0,0] 27 4 True
[0,1,2,3,4,5,6,1,1,0,0] [0,1,2,3,0,0,1,0,0,0,0] 23 7 False
[0,1,2,3,4,5,6,1,1,2,0] [0,1,2,0,1,0,0,1,0,0,0] 25 5 True
[0,1,2,3,4,5,6,1,1,2,1] [0,1,0,1,2,0,0,1,0,0,0] 26 5 True
[0,1,2,3,4,5,6,1,1,2,3] [0,1,0,1,0,1,0,0,1,0,0] 28 4 True
[0,1,2,3,4,5,6,1,2,2,0] [0,1,2,0,0,1,0,1,0,0,0] 26 5 True
[0,1,2,3,4,5,6,1,2,2,2] [0,0,1,2,0,1,0,1,0,0,0] 28 5 False
[0,1,2,3,4,5,6,1,2,2,3] [0,1,0,1,0,0,1,0,1,0,0] 29 4 True
[0,1,2,3,4,5,6,1,2,3,3] [0,1,0,0,1,0,1,0,1,0,0] 30 4 True
[0,1,2,3,4,5,6,1,2,3,4] [0,0,1,0,1,0,1,0,1,0,0] 31 4 False
[0,1,2,3,4,5,6,2,1,0,0] [0,1,2,3,0,0,0,1,0,0,0] 24 7 False
[0,1,2,3,4,5,6,2,1,0,1] [0,1,2,0,0,1,2,0,0,0,0] 25 6 False
[0,1,2,3,4,5,6,2,1,2,0] [0,1,2,0,1,0,0,0,1,0,0] 26 5 True
[0,1,2,3,4,5,6,2,1,2,1] [0,1,0,1,2,0,0,0,1,0,0] 27 5 False
[0,1,2,3,4,5,6,2,1,2,3] [0,1,0,1,0,1,0,0,0,1,0] 29 4 True
[0,1,2,3,4,5,6,2,2,2,0] [0,1,2,0,0,1,0,0,1,0,0] 27 5 False
[0,1,2,3,4,5,6,2,2,2,2] [0,0,1,2,0,1,0,0,1,0,0] 29 5 False
[0,1,2,3,4,5,6,2,2,2,3] [0,1,0,1,0,0,1,0,0,1,0] 30 4 True
[0,1,2,3,4,5,6,2,2,3,3] [0,1,0,0,1,0,1,0,0,1,0] 31 4 False
[0,1,2,3,4,5,6,2,2,3,4] [0,0,1,0,1,0,1,0,0,1,0] 32 4 False
[0,1,2,3,4,5,6,2,3,0,1] [0,0,1,2,0,1,2,0,0,0,0] 27 6 False
[0,1,2,3,4,5,6,2,3,2,0] [0,1,2,0,0,0,1,0,1,0,0] 28 5 False
[0,1,2,3,4,5,6,2,3,2,2] [0,0,1,2,0,0,1,0,1,0,0] 30 5 False
[0,1,2,3,4,5,6,2,3,2,3] [0,1,0,1,0,0,0,1,0,1,0] 31 4 False
[0,1,2,3,4,5,6,2,3,3,3] [0,1,0,0,1,0,0,1,0,1,0] 32 4 False
[0,1,2,3,4,5,6,2,3,3,4] [0,0,1,0,1,0,0,1,0,1,0] 33 4 False
[0,1,2,3,4,5,6,2,3,4,3] [0,1,0,0,0,1,0,1,0,1,0] 33 4 False
[0,1,2,3,4,5,6,2,3,4,4] [0,0,1,0,0,1,0,1,0,1,0] 34 4 False
[0,1,2,3,4,5,6,2,3,4,5] [0,0,0,1,0,1,0,1,0,1,0] 35 4 False
[0,1,2,3,4,5,6,3,1,0,0] [0,1,2,3,0,0,0,0,1,0,0] 25 7 False
[0,1,2,3,4,5,6,3,1,2,0] [0,1,2,0,1,0,0,0,0,1,0] 27 5 False
[0,1,2,3,4,5,6,3,1,2,1] [0,1,0,1,2,0,0,0,0,1,0] 28 5 False
[0,1,2,3,4,5,6,3,1,2,3] [0,1,0,1,0,1,0,0,0,0,1] 30 4 True
[0,1,2,3,4,5,6,3,2,2,0] [0,1,2,0,0,1,0,0,0,1,0] 28 5 False
[0,1,2,3,4,5,6,3,2,2,2] [0,0,1,2,0,1,0,0,0,1,0] 30 5 False
[0,1,2,3,4,5,6,3,2,2,3] [0,1,0,1,0,0,1,0,0,0,1] 31 4 False
[0,1,2,3,4,5,6,3,2,3,3] [0,1,0,0,1,0,1,0,0,0,1] 32 4 False
[0,1,2,3,4,5,6,3,2,3,4] [0,0,1,0,1,0,1,0,0,0,1] 33 4 False
[0,1,2,3,4,5,6,3,3,2,0] [0,1,2,0,0,0,1,0,0,1,0] 29 5 False
[0,1,2,3,4,5,6,3,3,2,2] [0,0,1,2,0,0,1,0,0,1,0] 31 5 False
[0,1,2,3,4,5,6,3,3,2,3] [0,1,0,1,0,0,0,1,0,0,1] 32 4 False
[0,1,2,3,4,5,6,3,3,3,3] [0,1,0,0,1,0,0,1,0,0,1] 33 4 False
[0,1,2,3,4,5,6,3,3,3,4] [0,0,1,0,1,0,0,1,0,0,1] 34 4 False
[0,1,2,3,4,5,6,3,3,4,3] [0,1,0,0,0,1,0,1,0,0,1] 34 4 False
[0,1,2,3,4,5,6,3,3,4,4] [0,0,1,0,0,1,0,1,0,0,1] 35 4 False
[0,1,2,3,4,5,6,3,3,4,5] [0,0,0,1,0,1,0,1,0,0,1] 36 4 False
[0,1,2,3,4,5,6,3,4,2,0] [0,1,2,0,0,0,0,1,0,1,0] 30 5 False
[0,1,2,3,4,5,6,3,4,2,2] [0,0,1,2,0,0,0,1,0,1,0] 32 5 False
[0,1,2,3,4,5,6,3,4,2,3] [0,1,0,1,0,0,0,0,1,0,1] 33 4 False
[0,1,2,3,4,5,6,3,4,3,3] [0,1,0,0,1,0,0,0,1,0,1] 34 4 False
[0,1,2,3,4,5,6,3,4,3,4] [0,0,1,0,1,0,0,0,1,0,1] 35 4 False
[0,1,2,3,4,5,6,3,4,4,3] [0,1,0,0,0,1,0,0,1,0,1] 35 4 False
[0,1,2,3,4,5,6,3,4,4,4] [0,0,1,0,0,1,0,0,1,0,1] 36 4 False
[0,1,2,3,4,5,6,3,4,4,5] [0,0,0,1,0,1,0,0,1,0,1] 37 4 False
[0,1,2,3,4,5,6,3,4,5,3] [0,1,0,0,0,0,1,0,1,0,1] 36 4 False
[0,1,2,3,4,5,6,3,4,5,4] [0,0,1,0,0,0,1,0,1,0,1] 37 4 False
[0,1,2,3,4,5,6,3,4,5,5] [0,0,0,1,0,0,1,0,1,0,1] 38 4 False
[0,1,2,3,4,5,6,3,4,5,6] [0,0,0,0,1,0,1,0,1,0,1] 39 4 False
[0,1,2,3,4,5,6,4,0,0,0] [0,0,1,2,3,4,0,0,0,0,0] 25 10 False
[0,1,2,3,4,5,6,4,1,0,0] [0,1,2,3,0,0,0,0,0,1,0] 26 7 False
[0,1,2,3,4,5,6,4,1,0,1] [0,1,2,0,0,0,1,2,0,0,0] 27 6 False
[0,1,2,3,4,5,6,4,1,2,0] [0,1,2,0,1,0,0,0,0,0,1] 28 5 False
[0,1,2,3,4,5,6,4,1,2,1] [0,1,0,1,2,0,0,0,0,0,1] 29 5 False
[0,1,2,3,4,5,6,4,2,2,0] [0,1,2,0,0,1,0,0,0,0,1] 29 5 False
[0,1,2,3,4,5,6,4,2,2,2] [0,0,1,2,0,1,0,0,0,0,1] 31 5 False
[0,1,2,3,4,5,6,4,3,0,1] [0,0,1,2,0,0,1,2,0,0,0] 29 6 False
[0,1,2,3,4,5,6,4,3,2,0] [0,1,2,0,0,0,1,0,0,0,1] 30 5 False
[0,1,2,3,4,5,6,4,3,2,2] [0,0,1,2,0,0,1,0,0,0,1] 32 5 False
[0,1,2,3,4,5,6,4,4,2,0] [0,1,2,0,0,0,0,1,0,0,1] 31 5 False
[0,1,2,3,4,5,6,4,4,2,2] [0,0,1,2,0,0,0,1,0,0,1] 33 5 False
[0,1,2,3,4,5,6,4,5,0,1] [0,0,0,1,2,0,1,2,0,0,0] 31 6 False
[0,1,2,3,4,5,6,4,5,2,0] [0,1,2,0,0,0,0,0,1,0,1] 32 5 False
[0,1,2,3,4,5,6,4,5,2,2] [0,0,1,2,0,0,0,0,1,0,1] 34 5 False
[0,1,2,3,4,5,6,5,1,0,0] [0,1,2,3,0,0,0,0,0,0,1] 27 7 False
[0,1,2,3,4,5,6,6,1,0,1] [0,1,2,0,0,0,0,1,2,0,0] 29 6 False
[0,1,2,3,4,5,6,6,3,0,1] [0,0,1,2,0,0,0,1,2,0,0] 31 6 False
[0,1,2,3,4,5,6,6,5,0,1] [0,0,0,1,2,0,0,1,2,0,0] 33 6 False
[0,1,2,3,4,5,6,6,7,0,1] [0,0,0,0,1,2,0,1,2,0,0] 35 6 False
[0,1,2,3,4,5,6,7,0,0,0] [0,1,2,3,0,0,0,0,0,0,0] 28 6 False
[0,1,2,3,4,5,6,7,0,1,0] [0,1,2,0,1,0,0,0,0,0,0] 29 4 True
[0,1,2,3,4,5,6,7,0,1,1] [0,1,0,1,2,0,0,0,0,0,0] 30 4 True
[0,1,2,3,4,5,6,7,0,1,2] [0,1,0,1,0,1,0,0,0,0,0] 31 3 True
[0,1,2,3,4,5,6,7,1,1,0] [0,1,2,0,0,1,0,0,0,0,0] 30 4 True
[0,1,2,3,4,5,6,7,1,1,2] [0,1,0,1,0,0,1,0,0,0,0] 32 3 True
[0,1,2,3,4,5,6,7,1,2,2] [0,1,0,0,1,0,1,0,0,0,0] 33 3 True
[0,1,2,3,4,5,6,7,1,2,3] [0,0,1,0,1,0,1,0,0,0,0] 34 3 True
[0,1,2,3,4,5,6,7,2,1,0] [0,1,2,0,0,0,1,0,0,0,0] 31 4 False
[0,1,2,3,4,5,6,7,2,1,2] [0,1,0,1,0,0,0,1,0,0,0] 33 3 True
[0,1,2,3,4,5,6,7,2,2,2] [0,1,0,0,1,0,0,1,0,0,0] 34 3 True
[0,1,2,3,4,5,6,7,2,2,3] [0,0,1,0,1,0,0,1,0,0,0] 35 3 True
[0,1,2,3,4,5,6,7,2,3,2] [0,1,0,0,0,1,0,1,0,0,0] 35 3 True
[0,1,2,3,4,5,6,7,2,3,3] [0,0,1,0,0,1,0,1,0,0,0] 36 3 True
[0,1,2,3,4,5,6,7,2,3,4] [0,0,0,1,0,1,0,1,0,0,0] 37 3 False
[0,1,2,3,4,5,6,7,3,0,0] [0,0,1,2,3,0,0,0,0,0,0] 31 6 False
[0,1,2,3,4,5,6,7,3,1,0] [0,1,2,0,0,0,0,1,0,0,0] 32 4 False
[0,1,2,3,4,5,6,7,3,1,2] [0,1,0,1,0,0,0,0,1,0,0] 34 3 True
[0,1,2,3,4,5,6,7,3,2,2] [0,1,0,0,1,0,0,0,1,0,0] 35 3 True
[0,1,2,3,4,5,6,7,3,2,3] [0,0,1,0,1,0,0,0,1,0,0] 36 3 True
[0,1,2,3,4,5,6,7,3,3,2] [0,1,0,0,0,1,0,0,1,0,0] 36 3 True
[0,1,2,3,4,5,6,7,3,3,3] [0,0,1,0,0,1,0,0,1,0,0] 37 3 False
[0,1,2,3,4,5,6,7,3,3,4] [0,0,0,1,0,1,0,0,1,0,0] 38 3 False
[0,1,2,3,4,5,6,7,3,4,2] [0,1,0,0,0,0,1,0,1,0,0] 37 3 False
[0,1,2,3,4,5,6,7,3,4,3] [0,0,1,0,0,0,1,0,1,0,0] 38 3 False
[0,1,2,3,4,5,6,7,3,4,4] [0,0,0,1,0,0,1,0,1,0,0] 39 3 False
[0,1,2,3,4,5,6,7,3,4,5] [0,0,0,0,1,0,1,0,1,0,0] 40 3 False
[0,1,2,3,4,5,6,7,4,1,0] [0,1,2,0,0,0,0,0,1,0,0] 33 4 False
[0,1,2,3,4,5,6,7,4,1,2] [0,1,0,1,0,0,0,0,0,1,0] 35 3 True
[0,1,2,3,4,5,6,7,4,2,2] [0,1,0,0,1,0,0,0,0,1,0] 36 3 True
[0,1,2,3,4,5,6,7,4,2,3] [0,0,1,0,1,0,0,0,0,1,0] 37 3 False
[0,1,2,3,4,5,6,7,4,3,2] [0,1,0,0,0,1,0,0,0,1,0] 37 3 False
[0,1,2,3,4,5,6,7,4,3,3] [0,0,1,0,0,1,0,0,0,1,0] 38 3 False
[0,1,2,3,4,5,6,7,4,3,4] [0,0,0,1,0,1,0,0,0,1,0] 39 3 False
[0,1,2,3,4,5,6,7,4,4,2] [0,1,0,0,0,0,1,0,0,1,0] 38 3 False
[0,1,2,3,4,5,6,7,4,4,3] [0,0,1,0,0,0,1,0,0,1,0] 39 3 False
[0,1,2,3,4,5,6,7,4,4,4] [0,0,0,1,0,0,1,0,0,1,0] 40 3 False
[0,1,2,3,4,5,6,7,4,4,5] [0,0,0,0,1,0,1,0,0,1,0] 41 3 False
[0,1,2,3,4,5,6,7,4,5,2] [0,1,0,0,0,0,0,1,0,1,0] 39 3 False
[0,1,2,3,4,5,6,7,4,5,3] [0,0,1,0,0,0,0,1,0,1,0] 40 3 False
[0,1,2,3,4,5,6,7,4,5,4] [0,0,0,1,0,0,0,1,0,1,0] 41 3 False
[0,1,2,3,4,5,6,7,4,5,5] [0,0,0,0,1,0,0,1,0,1,0] 42 3 False
[0,1,2,3,4,5,6,7,4,5,6] [0,0,0,0,0,1,0,1,0,1,0] 43 3 False
[0,1,2,3,4,5,6,7,5,1,0] [0,1,2,0,0,0,0,0,0,1,0] 34 4 False
[0,1,2,3,4,5,6,7,5,1,2] [0,1,0,1,0,0,0,0,0,0,1] 36 3 True
[0,1,2,3,4,5,6,7,5,2,2] [0,1,0,0,1,0,0,0,0,0,1] 37 3 False
[0,1,2,3,4,5,6,7,5,2,3] [0,0,1,0,1,0,0,0,0,0,1] 38 3 False
[0,1,2,3,4,5,6,7,5,3,2] [0,1,0,0,0,1,0,0,0,0,1] 38 3 False
[0,1,2,3,4,5,6,7,5,3,3] [0,0,1,0,0,1,0,0,0,0,1] 39 3 False
[0,1,2,3,4,5,6,7,5,3,4] [0,0,0,1,0,1,0,0,0,0,1] 40 3 False
[0,1,2,3,4,5,6,7,5,4,2] [0,1,0,0,0,0,1,0,0,0,1] 39 3 False
[0,1,2,3,4,5,6,7,5,4,3] [0,0,1,0,0,0,1,0,0,0,1] 40 3 False
[0,1,2,3,4,5,6,7,5,4,4] [0,0,0,1,0,0,1,0,0,0,1] 41 3 False
[0,1,2,3,4,5,6,7,5,4,5] [0,0,0,0,1,0,1,0,0,0,1] 42 3 False
[0,1,2,3,4,5,6,7,5,5,2] [0,1,0,0,0,0,0,1,0,0,1] 40 3 False
[0,1,2,3,4,5,6,7,5,5,3] [0,0,1,0,0,0,0,1,0,0,1] 41 3 False
[0,1,2,3,4,5,6,7,5,5,4] [0,0,0,1,0,0,0,1,0,0,1] 42 3 False
[0,1,2,3,4,5,6,7,5,5,5] [0,0,0,0,1,0,0,1,0,0,1] 43 3 False
[0,1,2,3,4,5,6,7,5,5,6] [0,0,0,0,0,1,0,1,0,0,1] 44 3 False
[0,1,2,3,4,5,6,7,5,6,2] [0,1,0,0,0,0,0,0,1,0,1] 41 3 False
[0,1,2,3,4,5,6,7,5,6,3] [0,0,1,0,0,0,0,0,1,0,1] 42 3 False
[0,1,2,3,4,5,6,7,5,6,4] [0,0,0,1,0,0,0,0,1,0,1] 43 3 False
[0,1,2,3,4,5,6,7,5,6,5] [0,0,0,0,1,0,0,0,1,0,1] 44 3 False
[0,1,2,3,4,5,6,7,5,6,6] [0,0,0,0,0,1,0,0,1,0,1] 45 3 False
[0,1,2,3,4,5,6,7,5,6,7] [0,0,0,0,0,0,1,0,1,0,1] 46 3 False
[0,1,2,3,4,5,6,7,6,0,0] [0,0,0,1,2,3,0,0,0,0,0] 34 6 False
[0,1,2,3,4,5,6,7,6,1,0] [0,1,2,0,0,0,0,0,0,0,1] 35 4 False
[0,1,2,3,4,5,6,7,8,0,0] [0,1,2,0,0,0,0,0,0,0,0] 36 3 True
[0,1,2,3,4,5,6,7,8,0,1] [0,1,0,1,0,0,0,0,0,0,0] 37 2 True
[0,1,2,3,4,5,6,7,8,1,1] [0,1,0,0,1,0,0,0,0,0,0] 38 2 True
[0,1,2,3,4,5,6,7,8,1,2] [0,0,1,0,1,0,0,0,0,0,0] 39 2 True
[0,1,2,3,4,5,6,7,8,2,0] [0,0,1,2,0,0,0,0,0,0,0] 38 3 False
[0,1,2,3,4,5,6,7,8,2,1] [0,1,0,0,0,1,0,0,0,0,0] 39 2 True
[0,1,2,3,4,5,6,7,8,2,2] [0,0,1,0,0,1,0,0,0,0,0] 40 2 True
[0,1,2,3,4,5,6,7,8,2,3] [0,0,0,1,0,1,0,0,0,0,0] 41 2 True
[0,1,2,3,4,5,6,7,8,3,1] [0,1,0,0,0,0,1,0,0,0,0] 40 2 True
[0,1,2,3,4,5,6,7,8,3,2] [0,0,1,0,0,0,1,0,0,0,0] 41 2 True
[0,1,2,3,4,5,6,7,8,3,3] [0,0,0,1,0,0,1,0,0,0,0] 42 2 True
[0,1,2,3,4,5,6,7,8,3,4] [0,0,0,0,1,0,1,0,0,0,0] 43 2 True
[0,1,2,3,4,5,6,7,8,4,0] [0,0,0,1,2,0,0,0,0,0,0] 40 3 False
[0,1,2,3,4,5,6,7,8,4,1] [0,1,0,0,0,0,0,1,0,0,0] 41 2 True
[0,1,2,3,4,5,6,7,8,4,2] [0,0,1,0,0,0,0,1,0,0,0] 42 2 True
[0,1,2,3,4,5,6,7,8,4,3] [0,0,0,1,0,0,0,1,0,0,0] 43 2 True
[0,1,2,3,4,5,6,7,8,4,4] [0,0,0,0,1,0,0,1,0,0,0] 44 2 True
[0,1,2,3,4,5,6,7,8,4,5] [0,0,0,0,0,1,0,1,0,0,0] 45 2 False
[0,1,2,3,4,5,6,7,8,5,1] [0,1,0,0,0,0,0,0,1,0,0] 42 2 True
[0,1,2,3,4,5,6,7,8,5,2] [0,0,1,0,0,0,0,0,1,0,0] 43 2 True
[0,1,2,3,4,5,6,7,8,5,3] [0,0,0,1,0,0,0,0,1,0,0] 44 2 True
[0,1,2,3,4,5,6,7,8,5,4] [0,0,0,0,1,0,0,0,1,0,0] 45 2 False
[0,1,2,3,4,5,6,7,8,5,5] [0,0,0,0,0,1,0,0,1,0,0] 46 2 False
[0,1,2,3,4,5,6,7,8,5,6] [0,0,0,0,0,0,1,0,1,0,0] 47 2 False
[0,1,2,3,4,5,6,7,8,6,0] [0,0,0,0,1,2,0,0,0,0,0] 42 3 False
[0,1,2,3,4,5,6,7,8,6,1] [0,1,0,0,0,0,0,0,0,1,0] 43 2 True
[0,1,2,3,4,5,6,7,8,6,2] [0,0,1,0,0,0,0,0,0,1,0] 44 2 True
[0,1,2,3,4,5,6,7,8,6,3] [0,0,0,1,0,0,0,0,0,1,0] 45 2 False
[0,1,2,3,4,5,6,7,8,6,4] [0,0,0,0,1,0,0,0,0,1,0] 46 2 False
[0,1,2,3,4,5,6,7,8,6,5] [0,0,0,0,0,1,0,0,0,1,0] 47 2 False
[0,1,2,3,4,5,6,7,8,6,6] [0,0,0,0,0,0,1,0,0,1,0] 48 2 False
[0,1,2,3,4,5,6,7,8,6,7] [0,0,0,0,0,0,0,1,0,1,0] 49 2 False
[0,1,2,3,4,5,6,7,8,7,1] [0,1,0,0,0,0,0,0,0,0,1] 44 2 True
[0,1,2,3,4,5,6,7,8,7,2] [0,0,1,0,0,0,0,0,0,0,1] 45 2 False
[0,1,2,3,4,5,6,7,8,7,3] [0,0,0,1,0,0,0,0,0,0,1] 46 2 False
[0,1,2,3,4,5,6,7,8,7,4] [0,0,0,0,1,0,0,0,0,0,1] 47 2 False
[0,1,2,3,4,5,6,7,8,7,5] [0,0,0,0,0,1,0,0,0,0,1] 48 2 False
[0,1,2,3,4,5,6,7,8,7,6] [0,0,0,0,0,0,1,0,0,0,1] 49 2 False
[0,1,2,3,4,5,6,7,8,7,7] [0,0,0,0,0,0,0,1,0,0,1] 50 2 False
[0,1,2,3,4,5,6,7,8,7,8] [0,0,0,0,0,0,0,0,1,0,1] 51 2 False
[0,1,2,3,4,5,6,7,8,8,0] [0,0,0,0,0,1,2,0,0,0,0] 44 3 False
[0,1,2,3,4,5,6,7,8,9,0] [0,1,0,0,0,0,0,0,0,0,0] 45 1 True
[0,1,2,3,4,5,6,7,8,9,1] [0,0,1,0,0,0,0,0,0,0,0] 46 1 True
[0,1,2,3,4,5,6,7,8,9,2] [0,0,0,1,0,0,0,0,0,0,0] 47 1 True
[0,1,2,3,4,5,6,7,8,9,3] [0,0,0,0,1,0,0,0,0,0,0] 48 1 True
[0,1,2,3,4,5,6,7,8,9,4] [0,0,0,0,0,1,0,0,0,0,0] 49 1 True
[0,1,2,3,4,5,6,7,8,9,5] [0,0,0,0,0,0,1,0,0,0,0] 50 1 True
[0,1,2,3,4,5,6,7,8,9,6] [0,0,0,0,0,0,0,1,0,0,0] 51 1 True
[0,1,2,3,4,5,6,7,8,9,7] [0,0,0,0,0,0,0,0,1,0,0] 52 1 True
[0,1,2,3,4,5,6,7,8,9,8] [0,0,0,0,0,0,0,0,0,1,0] 53 1 True
[0,1,2,3,4,5,6,7,8,9,9] [0,0,0,0,0,0,0,0,0,0,1] 54 1 True
[0,1,2,3,4,5,6,7,8,9,10] [0,0,0,0,0,0,0,0,0,0,0] 55 0 True
