[0,1,2,3,0,1,2,0,1,2,1,2] [0,1,2,0,1,2,3,0,1,2,3,0] 15 15 False
[0,1,2,3,0,1,2,3,0,1,0,1] [0,1,2,3,0,1,2,3,0,1,0,1] 14 14 True
[0,1,2,3,0,1,2,3,0,1,2,0] [0,1,2,3,0,1,2,0,1,2,0,1] 15 13 True
[0,1,2,3,0,1,2,3,0,1,2,1] [0,1,2,0,1,2,3,0,1,2,0,1] 16 13 False
[0,1,2,3,0,1,2,3,0,1,2,2] [0,1,2,0,1,2,0,1,2,3,0,1] 17 13 False
[0,1,2,3,0,1,2,3,0,1,2,3] [0,1,2,0,1,2,0,1,2,0,1,2] 18 12 False
[0,1,2,3,0,1,2,3,1,1,2,0] [0,1,2,3,0,1,2,0,1,0,1,2] 16 13 False
[0,1,2,3,0,1,2,3,1,1,2,1] [0,1,2,0,1,2,3,0,1,0,1,2] 17 13 False
[0,1,2,3,0,1,2,3,1,2,2,0] [0,1,2,3,0,1,0,1,2,0,1,2] 17 13 False
[0,1,2,3,0,1,2,3,1,2,2,2] [0,1,0,1,2,3,0,1,2,0,1,2] 19 13 False
[0,1,2,3,0,1,2,3,2,1,0,0] [0,1,2,3,4,0,1,0,1,0,1,2] 15 15 False
[0,1,2,3,0,1,2,3,2,1,0,1] [0,1,2,3,0,1,0,1,2,3,0,1] 16 14 False
[0,1,2,3,0,1,2,3,2,3,0,1] [0,1,0,1,2,3,0,1,2,3,0,1] 18 14 False
[0,1,2,3,2,1,2,0,1,2,0,1] [0,1,2,3,0,1,2,3,0,0,1,2] 15 15 False
[0,1,2,3,2,1,2,0,1,2,2,0] [0,1,2,0,1,2,3,4,0,0,1,2] 16 16 False
[0,1,2,3,2,3,2,0,1,2,0,0] [0,1,2,3,4,0,0,1,2,0,1,2] 16 16 False
[0,1,2,3,4,0,1,2,0,1,0,0] [0,1,2,3,4,0,1,2,0,1,0,0] 14 14 True
[0,1,2,3,4,0,1,2,0,1,0,1] [0,1,2,3,0,1,2,3,0,1,0,0] 15 13 True
[0,1,2,3,4,0,1,2,0,1,2,0] [0,1,2,3,0,1,2,0,1,2,0,0] 16 12 True
[0,1,2,3,4,0,1,2,0,1,2,1] [0,1,2,0,1,2,3,0,1,2,0,0] 17 12 False
[0,1,2,3,4,0,1,2,0,1,2,2] [0,1,2,0,1,2,0,1,2,3,0,0] 18 12 False
[0,1,2,3,4,0,1,2,1,1,0,0] [0,1,2,3,4,0,1,0,1,2,0,0] 15 14 False
[0,1,2,3,4,0,1,2,2,1,0,1] [0,1,2,3,0,1,0,1,2,3,0,0] 17 13 False
[0,1,2,3,4,0,1,2,2,3,0,1] [0,1,0,1,2,3,0,1,2,3,0,0] 19 13 False
[0,1,2,3,4,0,1,2,3,0,0,0] [0,1,2,3,4,0,1,0,1,0,1,0] 16 13 False
[0,1,2,3,4,0,1,2,3,0,1,0] [0,1,2,3,0,1,2,0,1,0,1,0] 17 11 True
[0,1,2,3,4,0,1,2,3,0,1,1] [0,1,2,0,1,2,3,0,1,0,1,0] 18 11 True
[0,1,2,3,4,0,1,2,3,0,1,2] [0,1,2,0,1,2,0,1,2,0,1,0] 19 10 True
[0,1,2,3,4,0,1,2,3,1,1,0] [0,1,2,3,0,1,0,1,2,0,1,0] 18 11 True
[0,1,2,3,4,0,1,2,3,1,1,2] [0,1,2,0,1,2,0,1,0,1,2,0] 20 10 True
[0,1,2,3,4,0,1,2,3,1,2,2] [0,1,2,0,1,0,1,2,0,1,2,0] 21 10 False
[0,1,2,3,4,0,1,2,3,1,2,3] [0,1,0,1,2,0,1,2,0,1,2,0] 22 10 False
[0,1,2,3,4,0,1,2,3,2,1,0] [0,1,2,3,0,1,0,1,0,1,2,0] 19 11 False
[0,1,2,3,4,0,1,2,3,3,0,0] [0,1,0,1,2,3,4,0,1,0,1,0] 19 13 False
[0,1,2,3,4,0,1,2,3,3,1,2] [0,1,2,0,1,2,0,1,0,0,1,2] 22 10 False
[0,1,2,3,4,0,1,2,3,3,2,2] [0,1,2,0,1,0,1,2,0,0,1,2] 23 10 False
[0,1,2,3,4,0,1,2,3,3,2,3] [0,1,0,1,2,0,1,2,0,0,1,2] 24 10 False
[0,1,2,3,4,0,1,2,3,3,4,2] [0,1,2,0,1,0,0,1,2,0,1,2] 25 10 False
[0,1,2,3,4,0,1,2,3,3,4,3] [0,1,0,1,2,0,0,1,2,0,1,2] 26 10 False
[0,1,2,3,4,0,1,2,3,3,4,5] [0,1,0,0,1,2,0,1,2,0,1,2] 28 10 False
[0,1,2,3,4,0,1,2,3,4,0,0] [0,1,2,3,0,1,0,1,0,1,0,1] 20 10 True
[0,1,2,3,4,0,1,2,3,4,0,1] [0,1,2,0,1,2,0,1,0,1,0,1] 21 9 True
[0,1,2,3,4,0,1,2,3,4,1,1] [0,1,2,0,1,0,1,2,0,1,0,1] 22 9 False
[0,1,2,3,4,0,1,2,3,4,1,2] [0,1,0,1,2,0,1,2,0,1,0,1] 23 9 False
[0,1,2,3,4,0,1,2,3,4,2,0] [0,1,0,1,2,3,0,1,0,1,0,1] 22 10 False
[0,1,2,3,4,0,1,2,3,4,2,1] [0,1,2,0,1,0,1,0,1,2,0,1] 23 9 False
[0,1,2,3,4,0,1,2,3,4,2,2] [0,1,0,1,2,0,1,0,1,2,0,1] 24 9 False
[0,1,2,3,4,0,1,2,3,4,2,3] [0,1,0,1,0,1,2,0,1,2,0,1] 25 9 False
[0,1,2,3,4,0,1,2,3,4,3,1] [0,1,2,0,1,0,1,0,1,0,1,2] 24 9 False
[0,1,2,3,4,0,1,2,3,4,3,2] [0,1,0,1,2,0,1,0,1,0,1,2] 25 9 False
[0,1,2,3,4,0,1,2,3,4,3,3] [0,1,0,1,0,1,2,0,1,0,1,2] 26 9 False
[0,1,2,3,4,0,1,2,3,4,3,4] [0,1,0,1,0,1,0,1,2,0,1,2] 27 9 False
[0,1,2,3,4,0,1,2,3,4,4,0] [0,1,0,1,0,1,2,3,0,1,0,1] 24 10 False
[0,1,2,3,4,1,1,2,0,1,0,0] [0,1,2,3,4,0,1,2,0,0,1,0] 15 14 False
[0,1,2,3,4,1,1,2,0,1,0,1] [0,1,2,3,0,1,2,3,0,0,1,0] 16 13 False
[0,1,2,3,4,1,1,2,2,1,0,0] [0,1,2,3,4,0,0,1,2,0,1,0] 17 14 False
[0,1,2,3,4,1,1,2,3,0,0,0] [0,1,2,3,4,0,1,0,1,0,0,1] 17 13 False
[0,1,2,3,4,1,1,2,3,0,1,0] [0,1,2,3,0,1,2,0,1,0,0,1] 18 11 True
[0,1,2,3,4,1,1,2,3,0,1,1] [0,1,2,0,1,2,3,0,1,0,0,1] 19 11 False
[0,1,2,3,4,1,1,2,3,0,1,2] [0,1,2,0,1,2,0,1,2,0,0,1] 20 10 True
[0,1,2,3,4,1,1,2,3,1,1,0] [0,1,2,3,0,1,0,1,2,0,0,1] 19 11 False
[0,1,2,3,4,1,1,2,3,2,1,2] [0,1,2,0,1,2,0,0,1,2,0,1] 22 10 False
[0,1,2,3,4,1,1,2,3,2,3,2] [0,1,2,0,0,1,2,0,1,2,0,1] 24 10 False
[0,1,2,3,4,1,1,2,3,2,3,4] [0,0,1,2,0,1,2,0,1,2,0,1] 26 10 False
[0,1,2,3,4,1,1,2,3,3,0,0] [0,1,0,1,2,3,4,0,1,0,0,1] 20 13 False
[0,1,2,3,4,1,1,2,3,3,1,0] [0,1,2,3,0,1,0,0,1,2,0,1] 21 11 False
[0,1,2,3,4,1,1,2,3,3,1,2] [0,1,2,0,1,2,0,0,1,0,1,2] 23 10 False
[0,1,2,3,4,1,1,2,3,3,3,2] [0,1,2,0,0,1,2,0,1,0,1,2] 25 10 False
[0,1,2,3,4,1,1,2,3,3,3,4] [0,0,1,2,0,1,2,0,1,0,1,2] 27 10 False
[0,1,2,3,4,1,1,2,3,3,4,2] [0,1,2,0,0,1,0,1,2,0,1,2] 26 10 False
[0,1,2,3,4,1,1,2,3,3,4,4] [0,0,1,2,0,1,0,1,2,0,1,2] 28 10 False
[0,1,2,3,4,1,1,2,3,3,4,5] [0,0,1,0,1,2,0,1,2,0,1,2] 29 10 False
[0,1,2,3,4,1,2,2,3,0,0,0] [0,1,2,3,4,0,1,0,0,1,0,1] 18 13 False
[0,1,2,3,4,1,2,2,3,0,1,0] [0,1,2,3,0,1,2,0,0,1,0,1] 19 11 False
[0,1,2,3,4,1,2,2,3,0,1,1] [0,1,2,0,1,2,3,0,0,1,0,1] 20 11 False
[0,1,2,3,4,1,2,2,3,2,1,0] [0,1,2,3,0,0,1,2,0,1,0,1] 21 11 False
[0,1,2,3,4,1,2,2,3,3,0,0] [0,1,0,1,2,3,4,0,0,1,0,1] 21 13 False
[0,1,2,3,4,1,2,2,3,3,1,0] [0,1,2,3,0,0,1,0,1,2,0,1] 22 11 False
[0,1,2,3,4,1,2,3,3,0,0,0] [0,1,2,3,4,0,0,1,0,1,0,1] 19 13 False
[0,1,2,3,4,2,1,2,0,1,0,0] [0,1,2,3,4,0,1,2,0,0,0,1] 16 14 False
[0,1,2,3,4,2,1,2,0,1,0,1] [0,1,2,3,0,1,2,3,0,0,0,1] 17 13 False
[0,1,2,3,4,2,1,2,0,1,2,0] [0,1,2,3,0,1,2,0,0,1,2,0] 18 12 False
[0,1,2,3,4,2,1,2,0,1,2,1] [0,1,2,0,1,2,3,0,0,1,2,0] 19 12 False
[0,1,2,3,4,2,1,2,2,1,0,0] [0,1,2,3,4,0,0,1,2,0,0,1] 18 14 False
[0,1,2,3,4,2,3,2,0,0,0,0] [0,1,2,3,4,5,0,0,0,1,0,1] 17 17 False
[0,1,2,3,4,2,3,2,0,1,2,0] [0,1,2,3,0,0,1,2,0,1,2,0] 20 12 False
[0,1,2,3,4,3,1,0,1,0,1,0] [0,1,2,3,4,0,0,1,2,3,0,0] 16 16 False
[0,1,2,3,4,4,1,2,0,1,2,0] [0,1,2,3,0,1,2,0,0,0,1,2] 20 12 False
[0,1,2,3,4,4,1,2,0,1,2,1] [0,1,2,0,1,2,3,0,0,0,1,2] 21 12 False
[0,1,2,3,4,4,3,2,0,1,2,0] [0,1,2,3,0,0,1,2,0,0,1,2] 22 12 False
[0,1,2,3,4,4,5,2,0,1,2,0] [0,1,2,3,0,0,0,1,2,0,1,2] 24 12 False
[0,1,2,3,4,5,0,1,0,0,0,0] [0,1,2,3,4,5,0,1,0,0,0,0] 16 16 False
[0,1,2,3,4,5,0,1,0,1,0,0] [0,1,2,3,4,0,1,2,0,0,0,0] 17 13 False
[0,1,2,3,4,5,0,1,0,1,0,1] [0,1,2,3,0,1,2,3,0,0,0,0] 18 12 False
[0,1,2,3,4,5,0,1,2,0,0,0] [0,1,2,3,4,0,1,0,1,0,0,0] 18 12 False
[0,1,2,3,4,5,0,1,2,0,1,0] [0,1,2,3,0,1,2,0,1,0,0,0] 19 10 True
[0,1,2,3,4,5,0,1,2,0,1,1] [0,1,2,0,1,2,3,0,1,0,0,0] 20 10 True
[0,1,2,3,4,5,0,1,2,0,1,2] [0,1,2,0,1,2,0,1,2,0,0,0] 21 9 True
[0,1,2,3,4,5,0,1,2,1,1,0] [0,1,2,3,0,1,0,1,2,0,0,0] 20 10 True
[0,1,2,3,4,5,0,1,2,3,0,0] [0,1,2,3,0,1,0,1,0,1,0,0] 21 9 True
[0,1,2,3,4,5,0,1,2,3,0,1] [0,1,2,0,1,2,0,1,0,1,0,0] 22 8 True
[0,1,2,3,4,5,0,1,2,3,1,1] [0,1,2,0,1,0,1,2,0,1,0,0] 23 8 True
[0,1,2,3,4,5,0,1,2,3,1,2] [0,1,0,1,2,0,1,2,0,1,0,0] 24 8 True
[0,1,2,3,4,5,0,1,2,3,2,0] [0,1,0,1,2,3,0,1,0,1,0,0] 23 9 False
[0,1,2,3,4,5,0,1,2,3,2,1] [0,1,2,0,1,0,1,0,1,2,0,0] 24 8 True
[0,1,2,3,4,5,0,1,2,3,2,2] [0,1,0,1,2,0,1,0,1,2,0,0] 25 8 False
[0,1,2,3,4,5,0,1,2,3,2,3] [0,1,0,1,0,1,2,0,1,2,0,0] 26 8 False
[0,1,2,3,4,5,0,1,2,3,4,0] [0,1,2,0,1,0,1,0,1,0,1,0] 25 7 True
[0,1,2,3,4,5,0,1,2,3,4,1] [0,1,0,1,2,0,1,0,1,0,1,0] 26 7 True
[0,1,2,3,4,5,0,1,2,3,4,2] [0,1,0,1,0,1,2,0,1,0,1,0] 27 7 False
[0,1,2,3,4,5,0,1,2,3,4,3] [0,1,0,1,0,1,0,1,2,0,1,0] 28 7 False
[0,1,2,3,4,5,0,1,2,3,4,4] [0,1,0,1,0,1,0,1,0,1,2,0] 29 7 False
[0,1,2,3,4,5,0,1,2,3,4,5] [0,1,0,1,0,1,0,1,0,1,0,1] 30 6 True
[0,1,2,3,4,5,1,1,0,0,0,0] [0,1,2,3,4,5,0,0,1,0,0,0] 17 16 False
[0,1,2,3,4,5,1,1,2,0,0,0] [0,1,2,3,4,0,1,0,0,1,0,0] 19 12 False
[0,1,2,3,4,5,1,1,2,0,1,0] [0,1,2,3,0,1,2,0,0,1,0,0] 20 10 True
[0,1,2,3,4,5,1,1,2,0,1,1] [0,1,2,0,1,2,3,0,0,1,0,0] 21 10 False
[0,1,2,3,4,5,1,1,2,2,1,0] [0,1,2,3,0,0,1,2,0,1,0,0] 22 10 False
[0,1,2,3,4,5,1,1,2,3,0,0] [0,1,2,3,0,1,0,1,0,0,1,0] 22 9 False
[0,1,2,3,4,5,1,1,2,3,0,1] [0,1,2,0,1,2,0,1,0,0,1,0] 23 8 True
[0,1,2,3,4,5,1,1,2,3,1,1] [0,1,2,0,1,0,1,2,0,0,1,0] 24 8 True
[0,1,2,3,4,5,1,1,2,3,1,2] [0,1,0,1,2,0,1,2,0,0,1,0] 25 8 False
[0,1,2,3,4,5,1,1,2,3,2,0] [0,1,0,1,2,3,0,1,0,0,1,0] 24 9 False
[0,1,2,3,4,5,1,1,2,3,3,1] [0,1,2,0,1,0,0,1,2,0,1,0] 26 8 False
[0,1,2,3,4,5,1,1,2,3,3,2] [0,1,0,1,2,0,0,1,2,0,1,0] 27 8 False
[0,1,2,3,4,5,1,1,2,3,3,4] [0,1,0,0,1,2,0,1,2,0,1,0] 29 8 False
[0,1,2,3,4,5,1,1,2,3,4,0] [0,1,2,0,1,0,1,0,1,0,0,1] 26 7 True
[0,1,2,3,4,5,1,1,2,3,4,1] [0,1,0,1,2,0,1,0,1,0,0,1] 27 7 False
[0,1,2,3,4,5,1,1,2,3,4,2] [0,1,0,1,0,1,2,0,1,0,0,1] 28 7 False
[0,1,2,3,4,5,1,1,2,3,4,3] [0,1,0,1,0,1,0,1,2,0,0,1] 29 7 False
[0,1,2,3,4,5,1,2,2,0,0,0] [0,1,2,3,4,0,0,1,0,1,0,0] 20 12 False
[0,1,2,3,4,5,1,2,2,3,0,0] [0,1,2,3,0,1,0,0,1,0,1,0] 23 9 False
[0,1,2,3,4,5,1,2,2,3,0,1] [0,1,2,0,1,2,0,0,1,0,1,0] 24 8 True
[0,1,2,3,4,5,1,2,2,3,2,0] [0,1,0,1,2,3,0,0,1,0,1,0] 25 9 False
[0,1,2,3,4,5,1,2,2,3,2,1] [0,1,2,0,0,1,2,0,1,0,1,0] 26 8 False
[0,1,2,3,4,5,1,2,2,3,2,3] [0,0,1,2,0,1,2,0,1,0,1,0] 28 8 False
[0,1,2,3,4,5,1,2,2,3,3,1] [0,1,2,0,0,1,0,1,2,0,1,0] 27 8 False
[0,1,2,3,4,5,1,2,2,3,3,3] [0,0,1,2,0,1,0,1,2,0,1,0] 29 8 False
[0,1,2,3,4,5,1,2,2,3,3,4] [0,0,1,0,1,2,0,1,2,0,1,0] 30 8 False
[0,1,2,3,4,5,1,2,2,3,4,0] [0,1,2,0,1,0,1,0,0,1,0,1] 27 7 False
[0,1,2,3,4,5,1,2,2,3,4,1] [0,1,0,1,2,0,1,0,0,1,0,1] 28 7 False
[0,1,2,3,4,5,1,2,2,3,4,2] [0,1,0,1,0,1,2,0,0,1,0,1] 29 7 False
[0,1,2,3,4,5,1,2,2,3,4,4] [0,1,0,1,0,0,1,2,0,1,0,1] 31 7 False
[0,1,2,3,4,5,1,2,3,3,0,0] [0,1,2,3,0,0,1,0,1,0,1,0] 24 9 False
[0,1,2,3,4,5,1,2,3,3,3,0] [0,0,1,2,3,0,1,0,1,0,1,0] 27 9 False
[0,1,2,3,4,5,1,2,3,3,4,0] [0,1,2,0,1,0,0,1,0,1,0,1] 28 7 False
[0,1,2,3,4,5,1,2,3,3,4,1] [0,1,0,1,2,0,0,1,0,1,0,1] 29 7 False
[0,1,2,3,4,5,1,2,3,3,4,3] [0,1,0,0,1,2,0,1,0,1,0,1] 31 7 False
[0,1,2,3,4,5,1,2,3,3,4,4] [0,1,0,0,1,0,1,2,0,1,0,1] 32 7 False
[0,1,2,3,4,5,1,2,3,4,4,0] [0,1,2,0,0,1,0,1,0,1,0,1] 29 7 False
[0,1,2,3,4,5,1,2,3,4,4,2] [0,0,1,2,0,1,0,1,0,1,0,1] 31 7 False
[0,1,2,3,4,5,1,2,3,4,4,3] [0,0,1,0,1,2,0,1,0,1,0,1] 32 7 False
[0,1,2,3,4,5,1,2,3,4,4,4] [0,0,1,0,1,0,1,2,0,1,0,1] 33 7 False
[0,1,2,3,4,5,2,1,0,0,0,0] [0,1,2,3,4,5,0,0,0,1,0,0] 18 16 False
[0,1,2,3,4,5,2,1,0,1,0,0] [0,1,2,3,4,0,0,1,2,0,0,0] 19 13 False
[0,1,2,3,4,5,2,1,2,0,0,0] [0,1,2,3,4,0,1,0,0,0,1,0] 20 12 False
[0,1,2,3,4,5,2,1,2,0,1,0] [0,1,2,3,0,1,2,0,0,0,1,0] 21 10 False
[0,1,2,3,4,5,2,1,2,0,1,1] [0,1,2,0,1,2,3,0,0,0,1,0] 22 10 False
[0,1,2,3,4,5,2,1,2,0,1,2] [0,1,2,0,1,2,0,0,1,2,0,0] 23 9 False
[0,1,2,3,4,5,2,1,2,2,1,0] [0,1,2,3,0,0,1,2,0,0,1,0] 23 10 False
[0,1,2,3,4,5,2,1,2,3,0,0] [0,1,2,3,0,1,0,1,0,0,0,1] 23 9 False
[0,1,2,3,4,5,2,1,2,3,0,1] [0,1,2,0,1,2,0,1,0,0,0,1] 24 8 True
[0,1,2,3,4,5,2,1,2,3,1,1] [0,1,2,0,1,0,1,2,0,0,0,1] 25 8 False
[0,1,2,3,4,5,2,1,2,3,1,2] [0,1,0,1,2,0,1,2,0,0,0,1] 26 8 False
[0,1,2,3,4,5,2,1,2,3,2,0] [0,1,0,1,2,3,0,1,0,0,0,1] 25 9 False
[0,1,2,3,4,5,2,1,2,3,3,1] [0,1,2,0,1,0,0,1,2,0,0,1] 27 8 False
[0,1,2,3,4,5,2,1,2,3,3,2] [0,1,0,1,2,0,0,1,2,0,0,1] 28 8 False
[0,1,2,3,4,5,2,1,2,3,3,4] [0,1,0,0,1,2,0,1,2,0,0,1] 30 8 False
[0,1,2,3,4,5,2,2,2,0,0,0] [0,1,2,3,4,0,0,1,0,0,1,0] 21 12 False
[0,1,2,3,4,5,2,2,2,3,0,0] [0,1,2,3,0,1,0,0,1,0,0,1] 24 9 False
[0,1,2,3,4,5,2,2,2,3,0,1] [0,1,2,0,1,2,0,0,1,0,0,1] 25 8 False
[0,1,2,3,4,5,2,2,2,3,2,0] [0,1,0,1,2,3,0,0,1,0,0,1] 26 9 False
[0,1,2,3,4,5,2,2,2,3,2,1] [0,1,2,0,0,1,2,0,1,0,0,1] 27 8 False
[0,1,2,3,4,5,2,2,2,3,2,3] [0,0,1,2,0,1,2,0,1,0,0,1] 29 8 False
[0,1,2,3,4,5,2,2,2,3,3,1] [0,1,2,0,0,1,0,1,2,0,0,1] 28 8 False
[0,1,2,3,4,5,2,2,2,3,3,3] [0,0,1,2,0,1,0,1,2,0,0,1] 30 8 False
[0,1,2,3,4,5,2,2,2,3,3,4] [0,0,1,0,1,2,0,1,2,0,0,1] 31 8 False
[0,1,2,3,4,5,2,2,3,3,0,0] [0,1,2,3,0,0,1,0,1,0,0,1] 25 9 False
[0,1,2,3,4,5,2,2,3,3,3,0] [0,0,1,2,3,0,1,0,1,0,0,1] 28 9 False
[0,1,2,3,4,5,2,3,2,0,0,0] [0,1,2,3,4,0,0,0,1,0,1,0] 22 12 False
[0,1,2,3,4,5,2,3,2,0,1,2] [0,1,2,0,0,1,2,0,1,2,0,0] 25 9 False
[0,1,2,3,4,5,2,3,2,3,0,0] [0,1,2,3,0,1,0,0,0,1,0,1] 25 9 False
[0,1,2,3,4,5,2,3,2,3,0,1] [0,1,2,0,1,2,0,0,0,1,0,1] 26 8 False
[0,1,2,3,4,5,2,3,2,3,2,0] [0,1,0,1,2,3,0,0,0,1,0,1] 27 9 False
[0,1,2,3,4,5,2,3,2,3,2,1] [0,1,2,0,0,1,2,0,0,1,0,1] 28 8 False
[0,1,2,3,4,5,2,3,2,3,2,3] [0,0,1,2,0,1,2,0,0,1,0,1] 30 8 False
[0,1,2,3,4,5,2,3,3,3,0,0] [0,1,2,3,0,0,1,0,0,1,0,1] 26 9 False
[0,1,2,3,4,5,2,3,3,3,3,0] [0,0,1,2,3,0,1,0,0,1,0,1] 29 9 False
[0,1,2,3,4,5,2,3,4,0,1,2] [0,0,1,2,0,1,2,0,1,2,0,0] 27 9 False
[0,1,2,3,4,5,2,3,4,3,0,0] [0,1,2,3,0,0,0,1,0,1,0,1] 27 9 False
[0,1,2,3,4,5,2,3,4,3,3,0] [0,0,1,2,3,0,0,1,0,1,0,1] 30 9 False
[0,1,2,3,4,5,3,1,0,0,0,0] [0,1,2,3,4,5,0,0,0,0,1,0] 19 16 False
[0,1,2,3,4,5,3,1,0,1,0,1] [0,1,2,3,0,0,1,2,3,0,0,0] 21 12 False
[0,1,2,3,4,5,3,1,2,0,0,0] [0,1,2,3,4,0,1,0,0,0,0,1] 21 12 False
[0,1,2,3,4,5,3,1,2,0,1,0] [0,1,2,3,0,1,2,0,0,0,0,1] 22 10 False
[0,1,2,3,4,5,3,1,2,0,1,1] [0,1,2,0,1,2,3,0,0,0,0,1] 23 10 False
[0,1,2,3,4,5,3,1,2,2,1,0] [0,1,2,3,0,0,1,2,0,0,0,1] 24 10 False
[0,1,2,3,4,5,3,2,2,0,0,0] [0,1,2,3,4,0,0,1,0,0,0,1] 22 12 False
[0,1,2,3,4,5,3,3,2,0,0,0] [0,1,2,3,4,0,0,0,1,0,0,1] 23 12 False
[0,1,2,3,4,5,3,4,0,1,0,1] [0,0,1,2,3,0,1,2,3,0,0,0] 24 12 False
[0,1,2,3,4,5,3,4,2,0,0,0] [0,1,2,3,4,0,0,0,0,1,0,1] 24 12 False
[0,1,2,3,4,5,4,1,0,0,0,0] [0,1,2,3,4,5,0,0,0,0,0,1] 20 16 False
[0,1,2,3,4,5,4,1,0,1,0,0] [0,1,2,3,4,0,0,0,1,2,0,0] 21 13 False
[0,1,2,3,4,5,4,1,2,0,1,2] [0,1,2,0,1,2,0,0,0,1,2,0] 25 9 False
[0,1,2,3,4,5,4,3,2,0,1,2] [0,1,2,0,0,1,2,0,0,1,2,0] 27 9 False
[0,1,2,3,4,5,4,3,4,0,1,2] [0,0,1,2,0,1,2,0,0,1,2,0] 29 9 False
[0,1,2,3,4,5,4,5,2,0,1,2] [0,1,2,0,0,0,1,2,0,1,2,0] 29 9 False
[0,1,2,3,4,5,4,5,4,0,1,2] [0,0,1,2,0,0,1,2,0,1,2,0] 31 9 False
[0,1,2,3,4,5,4,5,6,0,1,2] [0,0,0,1,2,0,1,2,0,1,2,0] 33 9 False
[0,1,2,3,4,5,6,0,0,0,0,0] [0,1,2,3,4,5,0,0,0,0,0,0] 21 15 False
[0,1,2,3,4,5,6,0,1,0,0,0] [0,1,2,3,4,0,1,0,0,0,0,0] 22 11 False
[0,1,2,3,4,5,6,0,1,0,1,0] [0,1,2,3,0,1,2,0,0,0,0,0] 23 9 False
[0,1,2,3,4,5,6,0,1,0,1,1] [0,1,2,0,1,2,3,0,0,0,0,0] 24 9 False
[0,1,2,3,4,5,6,0,1,2,0,0] [0,1,2,3,0,1,0,1,0,0,0,0] 24 8 True
[0,1,2,3,4,5,6,0,1,2,0,1] [0,1,2,0,1,2,0,1,0,0,0,0] 25 7 True
[0,1,2,3,4,5,6,0,1,2,1,1] [0,1,2,0,1,0,1,2,0,0,0,0] 26 7 True
[0,1,2,3,4,5,6,0,1,2,1,2] [0,1,0,1,2,0,1,2,0,0,0,0] 27 7 False
[0,1,2,3,4,5,6,0,1,2,2,0] [0,1,0,1,2,3,0,1,0,0,0,0] 26 8 False
[0,1,2,3,4,5,6,0,1,2,3,0] [0,1,2,0,1,0,1,0,1,0,0,0] 27 6 True
[0,1,2,3,4,5,6,0,1,2,3,1] [0,1,0,1,2,0,1,0,1,0,0,0] 28 6 True
[0,1,2,3,4,5,6,0,1,2,3,2] [0,1,0,1,0,1,2,0,1,0,0,0] 29 6 True
[0,1,2,3,4,5,6,0,1,2,3,3] [0,1,0,1,0,1,0,1,2,0,0,0] 30 6 True
[0,1,2,3,4,5,6,0,1,2,3,4] [0,1,0,1,0,1,0,1,0,1,0,0] 31 5 True
[0,1,2,3,4,5,6,1,1,0,0,0] [0,1,2,3,4,0,0,1,0,0,0,0] 23 11 False
[0,1,2,3,4,5,6,1,1,2,0,0] [0,1,2,3,0,1,0,0,1,0,0,0] 25 8 False
[0,1,2,3,4,5,6,1,1,2,0,1] [0,1,2,0,1,2,0,0,1,0,0,0] 26 7 True
[0,1,2,3,4,5,6,1,1,2,2,0] [0,1,0,1,2,3,0,0,1,0,0,0] 27 8 False
[0,1,2,3,4,5,6,1,1,2,2,1] [0,1,2,0,0,1,2,0,1,0,0,0] 28 7 False
[0,1,2,3,4,5,6,1,1,2,2,3] [0,0,1,2,0,1,2,0,1,0,0,0] 30 7 False
[0,1,2,3,4,5,6,1,1,2,3,0] [0,1,2,0,1,0,1,0,0,1,0,0] 28 6 True
[0,1,2,3,4,5,6,1,1,2,3,1] [0,1,0,1,2,0,1,0,0,1,0,0] 29 6 True
[0,1,2,3,4,5,6,1,1,2,3,2] [0,1,0,1,0,1,2,0,0,1,0,0] 30 6 True
[0,1,2,3,4,5,6,1,1,2,3,4] [0,1,0,1,0,1,0,1,0,0,1,0] 32 5 True
[0,1,2,3,4,5,6,1,2,2,0,0] [0,1,2,3,0,0,1,0,1,0,0,0] 26 8 False
[0,1,2,3,4,5,6,1,2,2,3,0] [0,1,2,0,1,0,0,1,0,1,0,0] 29 6 True
[0,1,2,3,4,5,6,1,2,2,3,1] [0,1,0,1,2,0,0,1,0,1,0,0] 30 6 True
[0,1,2,3,4,5,6,1,2,2,3,3] [0,1,0,0,1,2,0,1,0,1,0,0] 32 6 False
[0,1,2,3,4,5,6,1,2,2,3,4] [0,1,0,1,0,1,0,0,1,0,1,0] 33 5 True
[0,1,2,3,4,5,6,1,2,3,3,0] [0,1,2,0,0,1,0,1,0,1,0,0] 30 6 True
[0,1,2,3,4,5,6,1,2,3,3,2] [0,0,1,2,0,1,0,1,0,1,0,0] 32 6 False
[0,1,2,3,4,5,6,1,2,3,3,3] [0,0,1,0,1,2,0,1,0,1,0,0] 33 6 False
[0,1,2,3,4,5,6,1,2,3,3,4] [0,1,0,1,0,0,1,0,1,0,1,0] 34 5 False
[0,1,2,3,4,5,6,1,2,3,4,4] [0,1,0,0,1,0,1,0,1,0,1,0] 35 5 False
[0,1,2,3,4,5,6,1,2,3,4,5] [0,0,1,0,1,0,1,0,1,0,1,0] 36 5 False
[0,1,2,3,4,5,6,2,1,0,0,0] [0,1,2,3,4,0,0,0,1,0,0,0] 24 11 False
[0,1,2,3,4,5,6,2,1,0,1,0] [0,1,2,3,0,0,1,2,0,0,0,0] 25 9 False
[0,1,2,3,4,5,6,2,1,2,0,0] [0,1,2,3,0,1,0,0,0,1,0,0] 26 8 False
[0,1,2,3,4,5,6,2,1,2,0,1] [0,1,2,0,1,2,0,0,0,1,0,0] 27 7 False
[0,1,2,3,4,5,6,2,1,2,2,0] [0,1,0,1,2,3,0,0,0,1,0,0] 28 8 False
[0,1,2,3,4,5,6,2,1,2,2,1] [0,1,2,0,0,1,2,0,0,1,0,0] 29 7 False
[0,1,2,3,4,5,6,2,1,2,2,3] [0,0,1,2,0,1,2,0,0,1,0,0] 31 7 False
[0,1,2,3,4,5,6,2,1,2,3,0] [0,1,2,0,1,0,1,0,0,0,1,0] 29 6 True
[0,1,2,3,4,5,6,2,1,2,3,1] [0,1,0,1,2,0,1,0,0,0,1,0] 30 6 True
[0,1,2,3,4,5,6,2,1,2,3,2] [0,1,0,1,0,1,2,0,0,0,1,0] 31 6 False
[0,1,2,3,4,5,6,2,1,2,3,4] [0,1,0,1,0,1,0,1,0,0,0,1] 33 5 True
[0,1,2,3,4,5,6,2,2,2,0,0] [0,1,2,3,0,0,1,0,0,1,0,0] 27 8 False
[0,1,2,3,4,5,6,2,2,2,3,0] [0,1,2,0,1,0,0,1,0,0,1,0] 30 6 True
[0,1,2,3,4,5,6,2,2,2,3,1] [0,1,0,1,2,0,0,1,0,0,1,0] 31 6 False
[0,1,2,3,4,5,6,2,2,2,3,3] [0,1,0,0,1,2,0,1,0,0,1,0] 33 6 False
[0,1,2,3,4,5,6,2,2,2,3,4] [0,1,0,1,0,1,0,0,1,0,0,1] 34 5 False
[0,1,2,3,4,5,6,2,2,3,3,0] [0,1,2,0,0,1,0,1,0,0,1,0] 31 6 False
[0,1,2,3,4,5,6,2,2,3,3,2] [0,0,1,2,0,1,0,1,0,0,1,0] 33 6 False
[0,1,2,3,4,5,6,2,2,3,3,3] [0,0,1,0,1,2,0,1,0,0,1,0] 34 6 False
[0,1,2,3,4,5,6,2,2,3,3,4] [0,1,0,1,0,0,1,0,1,0,0,1] 35 5 False
[0,1,2,3,4,5,6,2,2,3,4,4] [0,1,0,0,1,0,1,0,1,0,0,1] 36 5 False
[0,1,2,3,4,5,6,2,2,3,4,5] [0,0,1,0,1,0,1,0,1,0,0,1] 37 5 False
[0,1,2,3,4,5,6,2,3,2,0,0] [0,1,2,3,0,0,0,1,0,1,0,0] 28 8 False
[0,1,2,3,4,5,6,2,3,2,3,0] [0,1,2,0,1,0,0,0,1,0,1,0] 31 6 False
[0,1,2,3,4,5,6,2,3,2,3,1] [0,1,0,1,2,0,0,0,1,0,1,0] 32 6 False
[0,1,2,3,4,5,6,2,3,2,3,3] [0,1,0,0,1,2,0,0,1,0,1,0] 34 6 False
[0,1,2,3,4,5,6,2,3,2,3,4] [0,1,0,1,0,1,0,0,0,1,0,1] 35 5 False
[0,1,2,3,4,5,6,2,3,3,3,0] [0,1,2,0,0,1,0,0,1,0,1,0] 32 6 False
[0,1,2,3,4,5,6,2,3,3,3,2] [0,0,1,2,0,1,0,0,1,0,1,0] 34 6 False
[0,1,2,3,4,5,6,2,3,3,3,3] [0,0,1,0,1,2,0,0,1,0,1,0] 35 6 False
[0,1,2,3,4,5,6,2,3,3,3,4] [0,1,0,1,0,0,1,0,0,1,0,1] 36 5 False
[0,1,2,3,4,5,6,2,3,3,4,4] [0,1,0,0,1,0,1,0,0,1,0,1] 37 5 False
[0,1,2,3,4,5,6,2,3,3,4,5] [0,0,1,0,1,0,1,0,0,1,0,1] 38 5 False
[0,1,2,3,4,5,6,2,3,4,3,0] [0,1,2,0,0,0,1,0,1,0,1,0] 33 6 False
[0,1,2,3,4,5,6,2,3,4,3,2] [0,0,1,2,0,0,1,0,1,0,1,0] 35 6 False
[0,1,2,3,4,5,6,2,3,4,3,4] [0,1,0,1,0,0,0,1,0,1,0,1] 37 5 False
[0,1,2,3,4,5,6,2,3,4,4,4] [0,1,0,0,1,0,0,1,0,1,0,1] 38 5 False
[0,1,2,3,4,5,6,2,3,4,4,5] [0,0,1,0,1,0,0,1,0,1,0,1] 39 5 False
[0,1,2,3,4,5,6,2,3,4,5,4] [0,1,0,0,0,1,0,1,0,1,0,1] 39 5 False
[0,1,2,3,4,5,6,2,3,4,5,5] [0,0,1,0,0,1,0,1,0,1,0,1] 40 5 False
[0,1,2,3,4,5,6,2,3,4,5,6] [0,0,0,1,0,1,0,1,0,1,0,1] 41 5 False
[0,1,2,3,4,5,6,3,1,0,0,0] [0,1,2,3,4,0,0,0,0,1,0,0] 25 11 False
[0,1,2,3,4,5,6,3,1,2,0,0] [0,1,2,3,0,1,0,0,0,0,1,0] 27 8 False
[0,1,2,3,4,5,6,3,1,2,0,1] [0,1,2,0,1,2,0,0,0,0,1,0] 28 7 False
[0,1,2,3,4,5,6,3,1,2,2,0] [0,1,0,1,2,3,0,0,0,0,1,0] 29 8 False
[0,1,2,3,4,5,6,3,1,2,2,1] [0,1,2,0,0,1,2,0,0,0,1,0] 30 7 False
[0,1,2,3,4,5,6,3,1,2,2,3] [0,0,1,2,0,1,2,0,0,0,1,0] 32 7 False
[0,1,2,3,4,5,6,3,1,2,3,0] [0,1,2,0,1,0,1,0,0,0,0,1] 30 6 True
[0,1,2,3,4,5,6,3,1,2,3,1] [0,1,0,1,2,0,1,0,0,0,0,1] 31 6 False
[0,1,2,3,4,5,6,3,1,2,3,2] [0,1,0,1,0,1,2,0,0,0,0,1] 32 6 False
[0,1,2,3,4,5,6,3,2,2,0,0] [0,1,2,3,0,0,1,0,0,0,1,0] 28 8 False
[0,1,2,3,4,5,6,3,2,2,3,0] [0,1,2,0,1,0,0,1,0,0,0,1] 31 6 False
[0,1,2,3,4,5,6,3,2,2,3,1] [0,1,0,1,2,0,0,1,0,0,0,1] 32 6 False
[0,1,2,3,4,5,6,3,2,2,3,3] [0,1,0,0,1,2,0,1,0,0,0,1] 34 6 False
[0,1,2,3,4,5,6,3,2,3,3,0] [0,1,2,0,0,1,0,1,0,0,0,1] 32 6 False
[0,1,2,3,4,5,6,3,2,3,3,2] [0,0,1,2,0,1,0,1,0,0,0,1] 34 6 False
[0,1,2,3,4,5,6,3,2,3,3,3] [0,0,1,0,1,2,0,1,0,0,0,1] 35 6 False
[0,1,2,3,4,5,6,3,3,2,0,0] [0,1,2,3,0,0,0,1,0,0,1,0] 29 8 False
[0,1,2,3,4,5,6,3,3,2,3,0] [0,1,2,0,1,0,0,0,1,0,0,1] 32 6 False
[0,1,2,3,4,5,6,3,3,2,3,1] [0,1,0,1,2,0,0,0,1,0,0,1] 33 6 False
[0,1,2,3,4,5,6,3,3,2,3,3] [0,1,0,0,1,2,0,0,1,0,0,1] 35 6 False
[0,1,2,3,4,5,6,3,3,3,3,0] [0,1,2,0,0,1,0,0,1,0,0,1] 33 6 False
[0,1,2,3,4,5,6,3,3,3,3,2] [0,0,1,2,0,1,0,0,1,0,0,1] 35 6 False
[0,1,2,3,4,5,6,3,3,3,3,3] [0,0,1,0,1,2,0,0,1,0,0,1] 36 6 False
[0,1,2,3,4,5,6,3,3,4,3,0] [0,1,2,0,0,0,1,0,1,0,0,1] 34 6 False
[0,1,2,3,4,5,6,3,3,4,3,2] [0,0,1,2,0,0,1,0,1,0,0,1] 36 6 False
[0,1,2,3,4,5,6,3,4,2,0,0] [0,1,2,3,0,0,0,0,1,0,1,0] 30 8 False
[0,1,2,3,4,5,6,3,4,2,3,0] [0,1,2,0,1,0,0,0,0,1,0,1] 33 6 False
[0,1,2,3,4,5,6,3,4,2,3,1] [0,1,0,1,2,0,0,0,0,1,0,1] 34 6 False
[0,1,2,3,4,5,6,3,4,2,3,3] [0,1,0,0,1,2,0,0,0,1,0,1] 36 6 False
[0,1,2,3,4,5,6,3,4,3,3,0] [0,1,2,0,0,1,0,0,0,1,0,1] 34 6 False
[0,1,2,3,4,5,6,3,4,3,3,2] [0,0,1,2,0,1,0,0,0,1,0,1] 36 6 False
[0,1,2,3,4,5,6,3,4,3,3,3] [0,0,1,0,1,2,0,0,0,1,0,1] 37 6 False
[0,1,2,3,4,5,6,3,4,4,3,0] [0,1,2,0,0,0,1,0,0,1,0,1] 35 6 False
[0,1,2,3,4,5,6,3,4,4,3,2] [0,0,1,2,0,0,1,0,0,1,0,1] 37 6 False
[0,1,2,3,4,5,6,3,4,5,3,0] [0,1,2,0,0,0,0,1,0,1,0,1] 36 6 False
[0,1,2,3,4,5,6,3,4,5,3,2] [0,0,1,2,0,0,0,1,0,1,0,1] 38 6 False
[0,1,2,3,4,5,6,4,1,0,0,0] [0,1,2,3,4,0,0,0,0,0,1,0] 26 11 False
[0,1,2,3,4,5,6,4,1,0,1,0] [0,1,2,3,0,0,0,1,2,0,0,0] 27 9 False
[0,1,2,3,4,5,6,4,1,2,0,0] [0,1,2,3,0,1,0,0,0,0,0,1] 28 8 False
[0,1,2,3,4,5,6,4,1,2,0,1] [0,1,2,0,1,2,0,0,0,0,0,1] 29 7 False
[0,1,2,3,4,5,6,4,1,2,2,0] [0,1,0,1,2,3,0,0,0,0,0,1] 30 8 False
[0,1,2,3,4,5,6,4,1,2,2,1] [0,1,2,0,0,1,2,0,0,0,0,1] 31 7 False
[0,1,2,3,4,5,6,4,1,2,2,3] [0,0,1,2,0,1,2,0,0,0,0,1] 33 7 False
[0,1,2,3,4,5,6,4,2,2,0,0] [0,1,2,3,0,0,1,0,0,0,0,1] 29 8 False
[0,1,2,3,4,5,6,4,3,2,0,0] [0,1,2,3,0,0,0,1,0,0,0,1] 30 8 False
[0,1,2,3,4,5,6,4,4,2,0,0] [0,1,2,3,0,0,0,0,1,0,0,1] 31 8 False
[0,1,2,3,4,5,6,4,5,2,0,0] [0,1,2,3,0,0,0,0,0,1,0,1] 32 8 False
[0,1,2,3,4,5,6,5,0,0,0,0] [0,0,1,2,3,4,5,0,0,0,0,0] 26 15 False
[0,1,2,3,4,5,6,5,1,0,0,0] [0,1,2,3,4,0,0,0,0,0,0,1] 27 11 False
[0,1,2,3,4,5,6,6,1,0,1,0] [0,1,2,3,0,0,0,0,1,2,0,0] 29 9 False
[0,1,2,3,4,5,6,7,0,0,0,0] [0,1,2,3,4,0,0,0,0,0,0,0] 28 10 False
[0,1,2,3,4,5,6,7,0,1,0,0] [0,1,2,3,0,1,0,0,0,0,0,0] 29 7 False
[0,1,2,3,4,5,6,7,0,1,0,1] [0,1,2,0,1,2,0,0,0,0,0,0] 30 6 True
[0,1,2,3,4,5,6,7,0,1,2,0] [0,1,2,0,1,0,1,0,0,0,0,0] 31 5 True
[0,1,2,3,4,5,6,7,0,1,2,1] [0,1,0,1,2,0,1,0,0,0,0,0] 32 5 True
[0,1,2,3,4,5,6,7,0,1,2,2] [0,1,0,1,0,1,2,0,0,0,0,0] 33 5 True
[0,1,2,3,4,5,6,7,0,1,2,3] [0,1,0,1,0,1,0,1,0,0,0,0] 34 4 True
[0,1,2,3,4,5,6,7,1,1,0,0] [0,1,2,3,0,0,1,0,0,0,0,0] 30 7 False
[0,1,2,3,4,5,6,7,1,1,2,0] [0,1,2,0,1,0,0,1,0,0,0,0] 32 5 True
[0,1,2,3,4,5,6,7,1,1,2,1] [0,1,0,1,2,0,0,1,0,0,0,0] 33 5 True
[0,1,2,3,4,5,6,7,1,1,2,3] [0,1,0,1,0,1,0,0,1,0,0,0] 35 4 True
[0,1,2,3,4,5,6,7,1,2,2,0] [0,1,2,0,0,1,0,1,0,0,0,0] 33 5 True
[0,1,2,3,4,5,6,7,1,2,2,2] [0,0,1,2,0,1,0,1,0,0,0,0] 35 5 False
[0,1,2,3,4,5,6,7,1,2,2,3] [0,1,0,1,0,0,1,0,1,0,0,0] 36 4 True
[0,1,2,3,4,5,6,7,1,2,3,3] [0,1,0,0,1,0,1,0,1,0,0,0] 37 4 True
[0,1,2,3,4,5,6,7,1,2,3,4] [0,0,1,0,1,0,1,0,1,0,0,0] 38 4 True
[0,1,2,3,4,5,6,7,2,1,0,0] [0,1,2,3,0,0,0,1,0,0,0,0] 31 7 False
[0,1,2,3,4,5,6,7,2,1,0,1] [0,1,2,0,0,1,2,0,0,0,0,0] 32 6 False
[0,1,2,3,4,5,6,7,2,1,2,0] [0,1,2,0,1,0,0,0,1,0,0,0] 33 5 True
[0,1,2,3,4,5,6,7,2,1,2,1] [0,1,0,1,2,0,0,0,1,0,0,0] 34 5 False
[0,1,2,3,4,5,6,7,2,1,2,3] [0,1,0,1,0,1,0,0,0,1,0,0] 36 4 True
[0,1,2,3,4,5,6,7,2,2,2,0] [0,1,2,0,0,1,0,0,1,0,0,0] 34 5 False
[0,1,2,3,4,5,6,7,2,2,2,2] [0,0,1,2,0,1,0,0,1,0,0,0] 36 5 False
[0,1,2,3,4,5,6,7,2,2,2,3] [0,1,0,1,0,0,1,0,0,1,0,0] 37 4 True
[0,1,2,3,4,5,6,7,2,2,3,3] [0,1,0,0,1,0,1,0,0,1,0,0] 38 4 True
[0,1,2,3,4,5,6,7,2,2,3,4] [0,0,1,0,1,0,1,0,0,1,0,0] 39 4 False
[0,1,2,3,4,5,6,7,2,3,0,1] [0,0,1,2,0,1,2,0,0,0,0,0] 34 6 False
[0,1,2,3,4,5,6,7,2,3,2,0] [0,1,2,0,0,0,1,0,1,0,0,0] 35 5 False
[0,1,2,3,4,5,6,7,2,3,2,2] [0,0,1,2,0,0,1,0,1,0,0,0] 37 5 False
[0,1,2,3,4,5,6,7,2,3,2,3] [0,1,0,1,0,0,0,1,0,1,0,0] 38 4 True
[0,1,2,3,4,5,6,7,2,3,3,3] [0,1,0,0,1,0,0,1,0,1,0,0] 39 4 False
[0,1,2,3,4,5,6,7,2,3,3,4] [0,0,1,0,1,0,0,1,0,1,0,0] 40 4 False
[0,1,2,3,4,5,6,7,2,3,4,3] [0,1,0,0,0,1,0,1,0,1,0,0] 40 4 False
[0,1,2,3,4,5,6,7,2,3,4,4] [0,0,1,0,0,1,0,1,0,1,0,0] 41 4 False
[0,1,2,3,4,5,6,7,2,3,4,5] [0,0,0,1,0,1,0,1,0,1,0,0] 42 4 False
[0,1,2,3,4,5,6,7,3,1,0,0] [0,1,2,3,0,0,0,0,1,0,0,0] 32 7 False
[0,1,2,3,4,5,6,7,3,1,2,0] [0,1,2,0,1,0,0,0,0,1,0,0] 34 5 False
[0,1,2,3,4,5,6,7,3,1,2,1] [0,1,0,1,2,0,0,0,0,1,0,0] 35 5 False
[0,1,2,3,4,5,6,7,3,1,2,3] [0,1,0,1,0,1,0,0,0,0,1,0] 37 4 True
[0,1,2,3,4,5,6,7,3,2,2,0] [0,1,2,0,0,1,0,0,0,1,0,0] 35 5 False
[0,1,2,3,4,5,6,7,3,2,2,2] [0,0,1,2,0,1,0,0,0,1,0,0] 37 5 False
[0,1,2,3,4,5,6,7,3,2,2,3] [0,1,0,1,0,0,1,0,0,0,1,0] 38 4 True
[0,1,2,3,4,5,6,7,3,2,3,3] [0,1,0,0,1,0,1,0,0,0,1,0] 39 4 False
[0,1,2,3,4,5,6,7,3,2,3,4] [0,0,1,0,1,0,1,0,0,0,1,0] 40 4 False
[0,1,2,3,4,5,6,7,3,3,2,0] [0,1,2,0,0,0,1,0,0,1,0,0] 36 5 False
[0,1,2,3,4,5,6,7,3,3,2,2] [0,0,1,2,0,0,1,0,0,1,0,0] 38 5 False
[0,1,2,3,4,5,6,7,3,3,2,3] [0,1,0,1,0,0,0,1,0,0,1,0] 39 4 False
[0,1,2,3,4,5,6,7,3,3,3,3] [0,1,0,0,1,0,0,1,0,0,1,0] 40 4 False
[0,1,2,3,4,5,6,7,3,3,3,4] [0,0,1,0,1,0,0,1,0,0,1,0] 41 4 False
[0,1,2,3,4,5,6,7,3,3,4,3] [0,1,0,0,0,1,0,1,0,0,1,0] 41 4 False
[0,1,2,3,4,5,6,7,3,3,4,4] [0,0,1,0,0,1,0,1,0,0,1,0] 42 4 False
[0,1,2,3,4,5,6,7,3,3,4,5] [0,0,0,1,0,1,0,1,0,0,1,0] 43 4 False
[0,1,2,3,4,5,6,7,3,4,2,0] [0,1,2,0,0,0,0,1,0,1,0,0] 37 5 False
[0,1,2,3,4,5,6,7,3,4,2,2] [0,0,1,2,0,0,0,1,0,1,0,0] 39 5 False
[0,1,2,3,4,5,6,7,3,4,2,3] [0,1,0,1,0,0,0,0,1,0,1,0] 40 4 False
[0,1,2,3,4,5,6,7,3,4,3,3] [0,1,0,0,1,0,0,0,1,0,1,0] 41 4 False
[0,1,2,3,4,5,6,7,3,4,3,4] [0,0,1,0,1,0,0,0,1,0,1,0] 42 4 False
[0,1,2,3,4,5,6,7,3,4,4,3] [0,1,0,0,0,1,0,0,1,0,1,0] 42 4 False
[0,1,2,3,4,5,6,7,3,4,4,4] [0,0,1,0,0,1,0,0,1,0,1,0] 43 4 False
[0,1,2,3,4,5,6,7,3,4,4,5] [0,0,0,1,0,1,0,0,1,0,1,0] 44 4 False
[0,1,2,3,4,5,6,7,3,4,5,3] [0,1,0,0,0,0,1,0,1,0,1,0] 43 4 False
[0,1,2,3,4,5,6,7,3,4,5,4] [0,0,1,0,0,0,1,0,1,0,1,0] 44 4 False
[0,1,2,3,4,5,6,7,3,4,5,5] [0,0,0,1,0,0,1,0,1,0,1,0] 45 4 False
[0,1,2,3,4,5,6,7,3,4,5,6] [0,0,0,0,1,0,1,0,1,0,1,0] 46 4 False
[0,1,2,3,4,5,6,7,4,0,0,0] [0,0,1,2,3,4,0,0,0,0,0,0] 32 10 False
[0,1,2,3,4,5,6,7,4,1,0,0] [0,1,2,3,0,0,0,0,0,1,0,0] 33 7 False
[0,1,2,3,4,5,6,7,4,1,0,1] [0,1,2,0,0,0,1,2,0,0,0,0] 34 6 False
[0,1,2,3,4,5,6,7,4,1,2,0] [0,1,2,0,1,0,0,0,0,0,1,0] 35 5 False
[0,1,2,3,4,5,6,7,4,1,2,1] [0,1,0,1,2,0,0,0,0,0,1,0] 36 5 False
[0,1,2,3,4,5,6,7,4,1,2,3] [0,1,0,1,0,1,0,0,0,0,0,1] 38 4 True
[0,1,2,3,4,5,6,7,4,2,2,0] [0,1,2,0,0,1,0,0,0,0,1,0] 36 5 False
[0,1,2,3,4,5,6,7,4,2,2,2] [0,0,1,2,0,1,0,0,0,0,1,0] 38 5 False
[0,1,2,3,4,5,6,7,4,2,2,3] [0,1,0,1,0,0,1,0,0,0,0,1] 39 4 False
[0,1,2,3,4,5,6,7,4,2,3,3] [0,1,0,0,1,0,1,0,0,0,0,1] 40 4 False
[0,1,2,3,4,5,6,7,4,2,3,4] [0,0,1,0,1,0,1,0,0,0,0,1] 41 4 False
[0,1,2,3,4,5,6,7,4,3,0,1] [0,0,1,2,0,0,1,2,0,0,0,0] 36 6 False
[0,1,2,3,4,5,6,7,4,3,2,0] [0,1,2,0,0,0,1,0,0,0,1,0] 37 5 False
[0,1,2,3,4,5,6,7,4,3,2,2] [0,0,1,2,0,0,1,0,0,0,1,0] 39 5 False
[0,1,2,3,4,5,6,7,4,3,2,3] [0,1,0,1,0,0,0,1,0,0,0,1] 40 4 False
[0,1,2,3,4,5,6,7,4,3,3,3] [0,1,0,0,1,0,0,1,0,0,0,1] 41 4 False
[0,1,2,3,4,5,6,7,4,3,3,4] [0,0,1,0,1,0,0,1,0,0,0,1] 42 4 False
[0,1,2,3,4,5,6,7,4,3,4,3] [0,1,0,0,0,1,0,1,0,0,0,1] 42 4 False
[0,1,2,3,4,5,6,7,4,3,4,4] [0,0,1,0,0,1,0,1,0,0,0,1] 43 4 False
[0,1,2,3,4,5,6,7,4,3,4,5] [0,0,0,1,0,1,0,1,0,0,0,1] 44 4 False
[0,1,2,3,4,5,6,7,4,4,2,0] [0,1,2,0,0,0,0,1,0,0,1,0] 38 5 False
[0,1,2,3,4,5,6,7,4,4,2,2] [0,0,1,2,0,0,0,1,0,0,1,0] 40 5 False
[0,1,2,3,4,5,6,7,4,4,2,3] [0,1,0,1,0,0,0,0,1,0,0,1] 41 4 False
[0,1,2,3,4,5,6,7,4,4,3,3] [0,1,0,0,1,0,0,0,1,0,0,1] 42 4 False
[0,1,2,3,4,5,6,7,4,4,3,4] [0,0,1,0,1,0,0,0,1,0,0,1] 43 4 False
[0,1,2,3,4,5,6,7,4,4,4,3] [0,1,0,0,0,1,0,0,1,0,0,1] 43 4 False
[0,1,2,3,4,5,6,7,4,4,4,4] [0,0,1,0,0,1,0,0,1,0,0,1] 44 4 False
[0,1,2,3,4,5,6,7,4,4,4,5] [0,0,0,1,0,1,0,0,1,0,0,1] 45 4 False
[0,1,2,3,4,5,6,7,4,4,5,3] [0,1,0,0,0,0,1,0,1,0,0,1] 44 4 False
[0,1,2,3,4,5,6,7,4,4,5,4] [0,0,1,0,0,0,1,0,1,0,0,1] 45 4 False
[0,1,2,3,4,5,6,7,4,4,5,5] [0,0,0,1,0,0,1,0,1,0,0,1] 46 4 False
[0,1,2,3,4,5,6,7,4,4,5,6] [0,0,0,0,1,0,1,0,1,0,0,1] 47 4 False
[0,1,2,3,4,5,6,7,4,5,0,1] [0,0,0,1,2,0,1,2,0,0,0,0] 38 6 False
[0,1,2,3,4,5,6,7,4,5,2,0] [0,1,2,0,0,0,0,0,1,0,1,0] 39 5 False
[0,1,2,3,4,5,6,7,4,5,2,2] [0,0,1,2,0,0,0,0,1,0,1,0] 41 5 False
[0,1,2,3,4,5,6,7,4,5,2,3] [0,1,0,1,0,0,0,0,0,1,0,1] 42 4 False
[0,1,2,3,4,5,6,7,4,5,3,3] [0,1,0,0,1,0,0,0,0,1,0,1] 43 4 False
[0,1,2,3,4,5,6,7,4,5,3,4] [0,0,1,0,1,0,0,0,0,1,0,1] 44 4 False
[0,1,2,3,4,5,6,7,4,5,4,3] [0,1,0,0,0,1,0,0,0,1,0,1] 44 4 False
[0,1,2,3,4,5,6,7,4,5,4,4] [0,0,1,0,0,1,0,0,0,1,0,1] 45 4 False
[0,1,2,3,4,5,6,7,4,5,4,5] [0,0,0,1,0,1,0,0,0,1,0,1] 46 4 False
[0,1,2,3,4,5,6,7,4,5,5,3] [0,1,0,0,0,0,1,0,0,1,0,1] 45 4 False
[0,1,2,3,4,5,6,7,4,5,5,4] [0,0,1,0,0,0,1,0,0,1,0,1] 46 4 False
[0,1,2,3,4,5,6,7,4,5,5,5] [0,0,0,1,0,0,1,0,0,1,0,1] 47 4 False
[0,1,2,3,4,5,6,7,4,5,5,6] [0,0,0,0,1,0,1,0,0,1,0,1] 48 4 False
[0,1,2,3,4,5,6,7,4,5,6,3] [0,1,0,0,0,0,0,1,0,1,0,1] 46 4 False
[0,1,2,3,4,5,6,7,4,5,6,4] [0,0,1,0,0,0,0,1,0,1,0,1] 47 4 False
[0,1,2,3,4,5,6,7,4,5,6,5] [0,0,0,1,0,0,0,1,0,1,0,1] 48 4 False
[0,1,2,3,4,5,6,7,4,5,6,6] [0,0,0,0,1,0,0,1,0,1,0,1] 49 4 False
[0,1,2,3,4,5,6,7,4,5,6,7] [0,0,0,0,0,1,0,1,0,1,0,1] 50 4 False
[0,1,2,3,4,5,6,7,5,1,0,0] [0,1,2,3,0,0,0,0,0,0,1,0] 34 7 False
[0,1,2,3,4,5,6,7,5,1,2,0] [0,1,2,0,1,0,0,0,0,0,0,1] 36 5 False
[0,1,2,3,4,5,6,7,5,1,2,1] [0,1,0,1,2,0,0,0,0,0,0,1] 37 5 False
[0,1,2,3,4,5,6,7,5,2,2,0] [0,1,2,0,0,1,0,0,0,0,0,1] 37 5 False
[0,1,2,3,4,5,6,7,5,2,2,2] [0,0,1,2,0,1,0,0,0,0,0,1] 39 5 False
[0,1,2,3,4,5,6,7,5,3,2,0] [0,1,2,0,0,0,1,0,0,0,0,1] 38 5 False
[0,1,2,3,4,5,6,7,5,3,2,2] [0,0,1,2,0,0,1,0,0,0,0,1] 40 5 False
[0,1,2,3,4,5,6,7,5,4,2,0] [0,1,2,0,0,0,0,1,0,0,0,1] 39 5 False
[0,1,2,3,4,5,6,7,5,4,2,2] [0,0,1,2,0,0,0,1,0,0,0,1] 41 5 False
[0,1,2,3,4,5,6,7,5,5,2,0] [0,1,2,0,0,0,0,0,1,0,0,1] 40 5 False
[0,1,2,3,4,5,6,7,5,5,2,2] [0,0,1,2,0,0,0,0,1,0,0,1] 42 5 False
[0,1,2,3,4,5,6,7,5,6,2,0] [0,1,2,0,0,0,0,0,0,1,0,1] 41 5 False
[0,1,2,3,4,5,6,7,5,6,2,2] [0,0,1,2,0,0,0,0,0,1,0,1] 43 5 False
[0,1,2,3,4,5,6,7,6,1,0,0] [0,1,2,3,0,0,0,0,0,0,0,1] 35 7 False
[0,1,2,3,4,5,6,7,6,1,0,1] [0,1,2,0,0,0,0,1,2,0,0,0] 36 6 False
[0,1,2,3,4,5,6,7,6,3,0,1] [0,0,1,2,0,0,0,1,2,0,0,0] 38 6 False
[0,1,2,3,4,5,6,7,6,5,0,1] [0,0,0,1,2,0,0,1,2,0,0,0] 40 6 False
[0,1,2,3,4,5,6,7,6,7,0,1] [0,0,0,0,1,2,0,1,2,0,0,0] 42 6 False
[0,1,2,3,4,5,6,7,8,0,0,0] [0,1,2,3,0,0,0,0,0,0,0,0] 36 6 False
[0,1,2,3,4,5,6,7,8,0,1,0] [0,1,2,0,1,0,0,0,0,0,0,0] 37 4 True
[0,1,2,3,4,5,6,7,8,0,1,1] [0,1,0,1,2,0,0,0,0,0,0,0] 38 4 True
[0,1,2,3,4,5,6,7,8,0,1,2] [0,1,0,1,0,1,0,0,0,0,0,0] 39 3 True
[0,1,2,3,4,5,6,7,8,1,1,0] [0,1,2,0,0,1,0,0,0,0,0,0] 38 4 True
[0,1,2,3,4,5,6,7,8,1,1,2] [0,1,0,1,0,0,1,0,0,0,0,0] 40 3 True
[0,1,2,3,4,5,6,7,8,1,2,2] [0,1,0,0,1,0,1,0,0,0,0,0] 41 3 True
[0,1,2,3,4,5,6,7,8,1,2,3] [0,0,1,0,1,0,1,0,0,0,0,0] 42 3 True
[0,1,2,3,4,5,6,7,8,2,1,0] [0,1,2,0,0,0,1,0,0,0,0,0] 39 4 False
[0,1,2,3,4,5,6,7,8,2,1,2] [0,1,0,1,0,0,0,1,0,0,0,0] 41 3 True
[0,1,2,3,4,5,6,7,8,2,2,2] [0,1,0,0,1,0,0,1,0,0,0,0] 42 3 True
[0,1,2,3,4,5,6,7,8,2,2,3] [0,0,1,0,1,0,0,1,0,0,0,0] 43 3 True
[0,1,2,3,4,5,6,7,8,2,3,2] [0,1,0,0,0,1,0,1,0,0,0,0] 43 3 True
[0,1,2,3,4,5,6,7,8,2,3,3] [0,0,1,0,0,1,0,1,0,0,0,0] 44 3 True
[0,1,2,3,4,5,6,7,8,2,3,4] [0,0,0,1,0,1,0,1,0,0,0,0] 45 3 True
[0,1,2,3,4,5,6,7,8,3,0,0] [0,0,1,2,3,0,0,0,0,0,0,0] 39 6 False
[0,1,2,3,4,5,6,7,8,3,1,0] [0,1,2,0,0,0,0,1,0,0,0,0] 40 4 False
[0,1,2,3,4,5,6,7,8,3,1,2] [0,1,0,1,0,0,0,0,1,0,0,0] 42 3 True
[0,1,2,3,4,5,6,7,8,3,2,2] [0,1,0,0,1,0,0,0,1,0,0,0] 43 3 True
[0,1,2,3,4,5,6,7,8,3,2,3] [0,0,1,0,1,0,0,0,1,0,0,0] 44 3 True
[0,1,2,3,4,5,6,7,8,3,3,2] [0,1,0,0,0,1,0,0,1,0,0,0] 44 3 True
[0,1,2,3,4,5,6,7,8,3,3,3] [0,0,1,0,0,1,0,0,1,0,0,0] 45 3 True
[0,1,2,3,4,5,6,7,8,3,3,4] [0,0,0,1,0,1,0,0,1,0,0,0] 46 3 False
[0,1,2,3,4,5,6,7,8,3,4,2] [0,1,0,0,0,0,1,0,1,0,0,0] 45 3 True
[0,1,2,3,4,5,6,7,8,3,4,3] [0,0,1,0,0,0,1,0,1,0,0,0] 46 3 False
[0,1,2,3,4,5,6,7,8,3,4,4] [0,0,0,1,0,0,1,0,1,0,0,0] 47 3 False
[0,1,2,3,4,5,6,7,8,3,4,5] [0,0,0,0,1,0,1,0,1,0,0,0] 48 3 False
[0,1,2,3,4,5,6,7,8,4,1,0] [0,1,2,0,0,0,0,0,1,0,0,0] 41 4 False
[0,1,2,3,4,5,6,7,8,4,1,2] [0,1,0,1,0,0,0,0,0,1,0,0] 43 3 True
[0,1,2,3,4,5,6,7,8,4,2,2] [0,1,0,0,1,0,0,0,0,1,0,0] 44 3 True
[0,1,2,3,4,5,6,7,8,4,2,3] [0,0,1,0,1,0,0,0,0,1,0,0] 45 3 True
[0,1,2,3,4,5,6,7,8,4,3,2] [0,1,0,0,0,1,0,0,0,1,0,0] 45 3 True
[0,1,2,3,4,5,6,7,8,4,3,3] [0,0,1,0,0,1,0,0,0,1,0,0] 46 3 False
[0,1,2,3,4,5,6,7,8,4,3,4] [0,0,0,1,0,1,0,0,0,1,0,0] 47 3 False
[0,1,2,3,4,5,6,7,8,4,4,2] [0,1,0,0,0,0,1,0,0,1,0,0] 46 3 False
[0,1,2,3,4,5,6,7,8,4,4,3] [0,0,1,0,0,0,1,0,0,1,0,0] 47 3 False
[0,1,2,3,4,5,6,7,8,4,4,4] [0,0,0,1,0,0,1,0,0,1,0,0] 48 3 False
[0,1,2,3,4,5,6,7,8,4,4,5] [0,0,0,0,1,0,1,0,0,1,0,0] 49 3 False
[0,1,2,3,4,5,6,7,8,4,5,2] [0,1,0,0,0,0,0,1,0,1,0,0] 47 3 False
[0,1,2,3,4,5,6,7,8,4,5,3] [0,0,1,0,0,0,0,1,0,1,0,0] 48 3 False
[0,1,2,3,4,5,6,7,8,4,5,4] [0,0,0,1,0,0,0,1,0,1,0,0] 49 3 False
[0,1,2,3,4,5,6,7,8,4,5,5] [0,0,0,0,1,0,0,1,0,1,0,0] 50 3 False
[0,1,2,3,4,5,6,7,8,4,5,6] [0,0,0,0,0,1,0,1,0,1,0,0] 51 3 False
[0,1,2,3,4,5,6,7,8,5,1,0] [0,1,2,0,0,0,0,0,0,1,0,0] 42 4 False
[0,1,2,3,4,5,6,7,8,5,1,2] [0,1,0,1,0,0,0,0,0,0,1,0] 44 3 True
[0,1,2,3,4,5,6,7,8,5,2,2] [0,1,0,0,1,0,0,0,0,0,1,0] 45 3 True
[0,1,2,3,4,5,6,7,8,5,2,3] [0,0,1,0,1,0,0,0,0,0,1,0] 46 3 False
[0,1,2,3,4,5,6,7,8,5,3,2] [0,1,0,0,0,1,0,0,0,0,1,0] 46 3 False
[0,1,2,3,4,5,6,7,8,5,3,3] [0,0,1,0,0,1,0,0,0,0,1,0] 47 3 False
[0,1,2,3,4,5,6,7,8,5,3,4] [0,0,0,1,0,1,0,0,0,0,1,0] 48 3 False
[0,1,2,3,4,5,6,7,8,5,4,2] [0,1,0,0,0,0,1,0,0,0,1,0] 47 3 False
[0,1,2,3,4,5,6,7,8,5,4,3] [0,0,1,0,0,0,1,0,0,0,1,0] 48 3 False
[0,1,2,3,4,5,6,7,8,5,4,4] [0,0,0,1,0,0,1,0,0,0,1,0] 49 3 False
[0,1,2,3,4,5,6,7,8,5,4,5] [0,0,0,0,1,0,1,0,0,0,1,0] 50 3 False
[0,1,2,3,4,5,6,7,8,5,5,2] [0,1,0,0,0,0,0,1,0,0,1,0] 48 3 False
[0,1,2,3,4,5,6,7,8,5,5,3] [0,0,1,0,0,0,0,1,0,0,1,0] 49 3 False
[0,1,2,3,4,5,6,7,8,5,5,4] [0,0,0,1,0,0,0,1,0,0,1,0] 50 3 False
[0,1,2,3,4,5,6,7,8,5,5,5] [0,0,0,0,1,0,0,1,0,0,1,0] 51 3 False
[0,1,2,3,4,5,6,7,8,5,5,6] [0,0,0,0,0,1,0,1,0,0,1,0] 52 3 False
[0,1,2,3,4,5,6,7,8,5,6,2] [0,1,0,0,0,0,0,0,1,0,1,0] 49 3 False
[0,1,2,3,4,5,6,7,8,5,6,3] [0,0,1,0,0,0,0,0,1,0,1,0] 50 3 False
[0,1,2,3,4,5,6,7,8,5,6,4] [0,0,0,1,0,0,0,0,1,0,1,0] 51 3 False
[0,1,2,3,4,5,6,7,8,5,6,5] [0,0,0,0,1,0,0,0,1,0,1,0] 52 3 False
[0,1,2,3,4,5,6,7,8,5,6,6] [0,0,0,0,0,1,0,0,1,0,1,0] 53 3 False
[0,1,2,3,4,5,6,7,8,5,6,7] [0,0,0,0,0,0,1,0,1,0,1,0] 54 3 False
[0,1,2,3,4,5,6,7,8,6,0,0] [0,0,0,1,2,3,0,0,0,0,0,0] 42 6 False
[0,1,2,3,4,5,6,7,8,6,1,0] [0,1,2,0,0,0,0,0,0,0,1,0] 43 4 False
[0,1,2,3,4,5,6,7,8,6,1,2] [0,1,0,1,0,0,0,0,0,0,0,1] 45 3 True
[0,1,2,3,4,5,6,7,8,6,2,2] [0,1,0,0,1,0,0,0,0,0,0,1] 46 3 False
[0,1,2,3,4,5,6,7,8,6,2,3] [0,0,1,0,1,0,0,0,0,0,0,1] 47 3 False
[0,1,2,3,4,5,6,7,8,6,3,2] [0,1,0,0,0,1,0,0,0,0,0,1] 47 3 False
[0,1,2,3,4,5,6,7,8,6,3,3] [0,0,1,0,0,1,0,0,0,0,0,1] 48 3 False
[0,1,2,3,4,5,6,7,8,6,3,4] [0,0,0,1,0,1,0,0,0,0,0,1] 49 3 False
[0,1,2,3,4,5,6,7,8,6,4,2] [0,1,0,0,0,0,1,0,0,0,0,1] 48 3 False
[0,1,2,3,4,5,6,7,8,6,4,3] [0,0,1,0,0,0,1,0,0,0,0,1] 49 3 False
[0,1,2,3,4,5,6,7,8,6,4,4] [0,0,0,1,0,0,1,0,0,0,0,1] 50 3 False
[0,1,2,3,4,5,6,7,8,6,4,5] [0,0,0,0,1,0,1,0,0,0,0,1] 51 3 False
[0,1,2,3,4,5,6,7,8,6,5,2] [0,1,0,0,0,0,0,1,0,0,0,1] 49 3 False
[0,1,2,3,4,5,6,7,8,6,5,3] [0,0,1,0,0,0,0,1,0,0,0,1] 50 3 False
[0,1,2,3,4,5,6,7,8,6,5,4] [0,0,0,1,0,0,0,1,0,0,0,1] 51 3 False
[0,1,2,3,4,5,6,7,8,6,5,5] [0,0,0,0,1,0,0,1,0,0,0,1] 52 3 False
[0,1,2,3,4,5,6,7,8,6,5,6] [0,0,0,0,0,1,0,1,0,0,0,1] 53 3 False
[0,1,2,3,4,5,6,7,8,6,6,2] [0,1,0,0,0,0,0,0,1,0,0,1] 50 3 False
[0,1,2,3,4,5,6,7,8,6,6,3] [0,0,1,0,0,0,0,0,1,0,0,1] 51 3 False
[0,1,2,3,4,5,6,7,8,6,6,4] [0,0,0,1,0,0,0,0,1,0,0,1] 52 3 False
[0,1,2,3,4,5,6,7,8,6,6,5] [0,0,0,0,1,0,0,0,1,0,0,1] 53 3 False
[0,1,2,3,4,5,6,7,8,6,6,6] [0,0,0,0,0,1,0,0,1,0,0,1] 54 3 False
[0,1,2,3,4,5,6,7,8,6,6,7] [0,0,0,0,0,0,1,0,1,0,0,1] 55 3 False
[0,1,2,3,4,5,6,7,8,6,7,2] [0,1,0,0,0,0,0,0,0,1,0,1] 51 3 False
[0,1,2,3,4,5,6,7,8,6,7,3] [0,0,1,0,0,0,0,0,0,1,0,1] 52 3 False
[0,1,2,3,4,5,6,7,8,6,7,4] [0,0,0,1,0,0,0,0,0,1,0,1] 53 3 False
[0,1,2,3,4,5,6,7,8,6,7,5] [0,0,0,0,1,0,0,0,0,1,0,1] 54 3 False
[0,1,2,3,4,5,6,7,8,6,7,6] [0,0,0,0,0,1,0,0,0,1,0,1] 55 3 False
[0,1,2,3,4,5,6,7,8,6,7,7] [0,0,0,0,0,0,1,0,0,1,0,1] 56 3 False
[0,1,2,3,4,5,6,7,8,6,7,8] [0,0,0,0,0,0,0,1,0,1,0,1] 57 3 False
[0,1,2,3,4,5,6,7,8,7,1,0] [0,1,2,0,0,0,0,0,0,0,0,1] 44 4 False
[0,1,2,3,4,5,6,7,8,9,0,0] [0,1,2,0,0,0,0,0,0,0,0,0] 45 3 True
[0,1,2,3,4,5,6,7,8,9,0,1] [0,1,0,1,0,0,0,0,0,0,0,0] 46 2 True
[0,1,2,3,4,5,6,7,8,9,1,1] [0,1,0,0,1,0,0,0,0,0,0,0] 47 2 True
[0,1,2,3,4,5,6,7,8,9,1,2] [0,0,1,0,1,0,0,0,0,0,0,0] 48 2 True
[0,1,2,3,4,5,6,7,8,9,2,0] [0,0,1,2,0,0,0,0,0,0,0,0] 47 3 False
[0,1,2,3,4,5,6,7,8,9,2,1] [0,1,0,0,0,1,0,0,0,0,0,0] 48 2 True
[0,1,2,3,4,5,6,7,8,9,2,2] [0,0,1,0,0,1,0,0,0,0,0,0] 49 2 True
[0,1,2,3,4,5,6,7,8,9,2,3] [0,0,0,1,0,1,0,0,0,0,0,0] 50 2 True
[0,1,2,3,4,5,6,7,8,9,3,1] [0,1,0,0,0,0,1,0,0,0,0,0] 49 2 True
[0,1,2,3,4,5,6,7,8,9,3,2] [0,0,1,0,0,0,1,0,0,0,0,0] 50 2 True
[0,1,2,3,4,5,6,7,8,9,3,3] [0,0,0,1,0,0,1,0,0,0,0,0] 51 2 True
[0,1,2,3,4,5,6,7,8,9,3,4] [0,0,0,0,1,0,1,0,0,0,0,0] 52 2 True
[0,1,2,3,4,5,6,7,8,9,4,0] [0,0,0,1,2,0,0,0,0,0,0,0] 49 3 False
[0,1,2,3,4,5,6,7,8,9,4,1] [0,1,0,0,0,0,0,1,0,0,0,0] 50 2 True
[0,1,2,3,4,5,6,7,8,9,4,2] [0,0,1,0,0,0,0,1,0,0,0,0] 51 2 True
[0,1,2,3,4,5,6,7,8,9,4,3] [0,0,0,1,0,0,0,1,0,0,0,0] 52 2 True
[0,1,2,3,4,5,6,7,8,9,4,4] [0,0,0,0,1,0,0,1,0,0,0,0] 53 2 True
[0,1,2,3,4,5,6,7,8,9,4,5] [0,0,0,0,0,1,0,1,0,0,0,0] 54 2 True
[0,1,2,3,4,5,6,7,8,9,5,1] [0,1,0,0,0,0,0,0,1,0,0,0] 51 2 True
[0,1,2,3,4,5,6,7,8,9,5,2] [0,0,1,0,0,0,0,0,1,0,0,0] 52 2 True
[0,1,2,3,4,5,6,7,8,9,5,3] [0,0,0,1,0,0,0,0,1,0,0,0] 53 2 True
[0,1,2,3,4,5,6,7,8,9,5,4] [0,0,0,0,1,0,0,0,1,0,0,0] 54 2 True
[0,1,2,3,4,5,6,7,8,9,5,5] [0,0,0,0,0,1,0,0,1,0,0,0] 55 2 False
[0,1,2,3,4,5,6,7,8,9,5,6] [0,0,0,0,0,0,1,0,1,0,0,0] 56 2 False
[0,1,2,3,4,5,6,7,8,9,6,0] [0,0,0,0,1,2,0,0,0,0,0,0] 51 3 False
[0,1,2,3,4,5,6,7,8,9,6,1] [0,1,0,0,0,0,0,0,0,1,0,0] 52 2 True
[0,1,2,3,4,5,6,7,8,9,6,2] [0,0,1,0,0,0,0,0,0,1,0,0] 53 2 True
[0,1,2,3,4,5,6,7,8,9,6,3] [0,0,0,1,0,0,0,0,0,1,0,0] 54 2 True
[0,1,2,3,4,5,6,7,8,9,6,4] [0,0,0,0,1,0,0,0,0,1,0,0] 55 2 False
[0,1,2,3,4,5,6,7,8,9,6,5] [0,0,0,0,0,1,0,0,0,1,0,0] 56 2 False
[0,1,2,3,4,5,6,7,8,9,6,6] [0,0,0,0,0,0,1,0,0,1,0,0] 57 2 False
[0,1,2,3,4,5,6,7,8,9,6,7] [0,0,0,0,0,0,0,1,0,1,0,0] 58 2 False
[0,1,2,3,4,5,6,7,8,9,7,1] [0,1,0,0,0,0,0,0,0,0,1,0] 53 2 True
[0,1,2,3,4,5,6,7,8,9,7,2] [0,0,1,0,0,0,0,0,0,0,1,0] 54 2 True
[0,1,2,3,4,5,6,7,8,9,7,3] [0,0,0,1,0,0,0,0,0,0,1,0] 55 2 False
[0,1,2,3,4,5,6,7,8,9,7,4] [0,0,0,0,1,0,0,0,0,0,1,0] 56 2 False
[0,1,2,3,4,5,6,7,8,9,7,5] [0,0,0,0,0,1,0,0,0,0,1,0] 57 2 False
[0,1,2,3,4,5,6,7,8,9,7,6] [0,0,0,0,0,0,1,0,0,0,1,0] 58 2 False
[0,1,2,3,4,5,6,7,8,9,7,7] [0,0,0,0,0,0,0,1,0,0,1,0] 59 2 False
[0,1,2,3,4,5,6,7,8,9,7,8] [0,0,0,0,0,0,0,0,1,0,1,0] 60 2 False
[0,1,2,3,4,5,6,7,8,9,8,0] [0,0,0,0,0,1,2,0,0,0,0,0] 53 3 False
[0,1,2,3,4,5,6,7,8,9,8,1] [0,1,0,0,0,0,0,0,0,0,0,1] 54 2 True
[0,1,2,3,4,5,6,7,8,9,8,2] [0,0,1,0,0,0,0,0,0,0,0,1] 55 2 False
[0,1,2,3,4,5,6,7,8,9,8,3] [0,0,0,1,0,0,0,0,0,0,0,1] 56 2 False
[0,1,2,3,4,5,6,7,8,9,8,4] [0,0,0,0,1,0,0,0,0,0,0,1] 57 2 False
[0,1,2,3,4,5,6,7,8,9,8,5] [0,0,0,0,0,1,0,0,0,0,0,1] 58 2 False
[0,1,2,3,4,5,6,7,8,9,8,6] [0,0,0,0,0,0,1,0,0,0,0,1] 59 2 False
[0,1,2,3,4,5,6,7,8,9,8,7] [0,0,0,0,0,0,0,1,0,0,0,1] 60 2 False
[0,1,2,3,4,5,6,7,8,9,8,8] [0,0,0,0,0,0,0,0,1,0,0,1] 61 2 False
[0,1,2,3,4,5,6,7,8,9,8,9] [0,0,0,0,0,0,0,0,0,1,0,1] 62 2 False
[0,1,2,3,4,5,6,7,8,9,10,0] [0,1,0,0,0,0,0,0,0,0,0,0] 55 1 True
[0,1,2,3,4,5,6,7,8,9,10,1] [0,0,1,0,0,0,0,0,0,0,0,0] 56 1 True
[0,1,2,3,4,5,6,7,8,9,10,2] [0,0,0,1,0,0,0,0,0,0,0,0] 57 1 True
[0,1,2,3,4,5,6,7,8,9,10,3] [0,0,0,0,1,0,0,0,0,0,0,0] 58 1 True
[0,1,2,3,4,5,6,7,8,9,10,4] [0,0,0,0,0,1,0,0,0,0,0,0] 59 1 True
[0,1,2,3,4,5,6,7,8,9,10,5] [0,0,0,0,0,0,1,0,0,0,0,0] 60 1 True
[0,1,2,3,4,5,6,7,8,9,10,6] [0,0,0,0,0,0,0,1,0,0,0,0] 61 1 True
[0,1,2,3,4,5,6,7,8,9,10,7] [0,0,0,0,0,0,0,0,1,0,0,0] 62 1 True
[0,1,2,3,4,5,6,7,8,9,10,8] [0,0,0,0,0,0,0,0,0,1,0,0] 63 1 True
[0,1,2,3,4,5,6,7,8,9,10,9] [0,0,0,0,0,0,0,0,0,0,1,0] 64 1 True
[0,1,2,3,4,5,6,7,8,9,10,10] [0,0,0,0,0,0,0,0,0,0,0,1] 65 1 True
[0,1,2,3,4,5,6,7,8,9,10,11] [0,0,0,0,0,0,0,0,0,0,0,0] 66 0 True
