True 16 16 [0,1,2,3,0,1,2,3,0,1,2,0,1] [0,1,2,3,0,1,2,3,0,1,2,0,1]
False 17 16 [0,1,2,3,0,1,2,3,0,1,2,1,1] [0,1,2,3,0,1,2,0,1,2,3,0,1]
False 18 16 [0,1,2,3,0,1,2,3,0,1,2,1,2] [0,1,2,0,1,2,3,0,1,2,3,0,1]
False 17 17 [0,1,2,3,0,1,2,3,0,1,2,2,0] [0,1,2,0,1,2,3,4,0,1,2,0,1]
False 18 15 [0,1,2,3,0,1,2,3,0,1,2,3,0] [0,1,2,3,0,1,2,0,1,2,0,1,2]
False 19 15 [0,1,2,3,0,1,2,3,0,1,2,3,1] [0,1,2,0,1,2,3,0,1,2,0,1,2]
False 20 15 [0,1,2,3,0,1,2,3,0,1,2,3,2] [0,1,2,0,1,2,0,1,2,3,0,1,2]
False 21 15 [0,1,2,3,0,1,2,3,0,1,2,3,3] [0,1,2,0,1,2,0,1,2,0,1,2,3]
False 17 16 [0,1,2,3,0,1,2,3,1,1,2,0,1] [0,1,2,3,0,1,2,3,0,1,0,1,2]
False 18 17 [0,1,2,3,0,1,2,3,1,1,2,2,0] [0,1,2,0,1,2,3,4,0,1,0,1,2]
False 19 16 [0,1,2,3,0,1,2,3,1,1,2,2,1] [0,1,2,3,0,1,0,1,2,3,0,1,2]
False 21 16 [0,1,2,3,0,1,2,3,1,1,2,2,3] [0,1,0,1,2,3,0,1,2,3,0,1,2]
False 17 17 [0,1,2,3,0,1,2,3,1,2,2,0,0] [0,1,2,3,4,0,1,0,1,2,0,1,2]
False 18 18 [0,1,2,3,3,1,2,0,1,2,0,1,2] [0,1,2,3,0,1,2,3,0,0,1,2,3]
False 21 18 [0,1,2,3,3,4,2,0,1,2,0,1,2] [0,1,2,3,0,0,1,2,3,0,1,2,3]
False 24 18 [0,1,2,3,3,4,5,0,1,2,0,1,2] [0,0,1,2,3,0,1,2,3,0,1,2,3]
True 16 16 [0,1,2,3,4,0,1,2,0,1,2,0,0] [0,1,2,3,4,0,1,2,0,1,2,0,0]
True 17 15 [0,1,2,3,4,0,1,2,0,1,2,0,1] [0,1,2,3,0,1,2,3,0,1,2,0,0]
False 18 15 [0,1,2,3,4,0,1,2,0,1,2,1,1] [0,1,2,3,0,1,2,0,1,2,3,0,0]
False 19 15 [0,1,2,3,4,0,1,2,0,1,2,1,2] [0,1,2,0,1,2,3,0,1,2,3,0,0]
False 18 16 [0,1,2,3,4,0,1,2,0,1,2,2,0] [0,1,2,0,1,2,3,4,0,1,2,0,0]
False 17 17 [0,1,2,3,4,0,1,2,2,1,0,1,0] [0,1,2,3,4,0,1,0,1,2,3,0,0]
True 17 15 [0,1,2,3,4,0,1,2,3,0,1,0,0] [0,1,2,3,4,0,1,2,0,1,0,1,0]
True 18 14 [0,1,2,3,4,0,1,2,3,0,1,0,1] [0,1,2,3,0,1,2,3,0,1,0,1,0]
True 19 13 [0,1,2,3,4,0,1,2,3,0,1,2,0] [0,1,2,3,0,1,2,0,1,2,0,1,0]
True 20 13 [0,1,2,3,4,0,1,2,3,0,1,2,1] [0,1,2,0,1,2,3,0,1,2,0,1,0]
False 21 13 [0,1,2,3,4,0,1,2,3,0,1,2,2] [0,1,2,0,1,2,0,1,2,3,0,1,0]
False 22 12 [0,1,2,3,4,0,1,2,3,0,1,2,3] [0,1,2,0,1,2,0,1,2,0,1,2,0]
False 18 15 [0,1,2,3,4,0,1,2,3,1,1,0,0] [0,1,2,3,4,0,1,0,1,2,0,1,0]
True 20 13 [0,1,2,3,4,0,1,2,3,1,1,2,0] [0,1,2,3,0,1,2,0,1,0,1,2,0]
False 21 13 [0,1,2,3,4,0,1,2,3,1,1,2,1] [0,1,2,0,1,2,3,0,1,0,1,2,0]
False 21 13 [0,1,2,3,4,0,1,2,3,1,2,2,0] [0,1,2,3,0,1,0,1,2,0,1,2,0]
False 23 13 [0,1,2,3,4,0,1,2,3,1,2,2,2] [0,1,0,1,2,3,0,1,2,0,1,2,0]
False 19 15 [0,1,2,3,4,0,1,2,3,2,1,0,0] [0,1,2,3,4,0,1,0,1,0,1,2,0]
False 20 14 [0,1,2,3,4,0,1,2,3,2,1,0,1] [0,1,2,3,0,1,0,1,2,3,0,1,0]
False 22 14 [0,1,2,3,4,0,1,2,3,2,3,0,1] [0,1,0,1,2,3,0,1,2,3,0,1,0]
False 22 13 [0,1,2,3,4,0,1,2,3,3,1,2,0] [0,1,2,3,0,1,2,0,1,0,0,1,2]
False 23 13 [0,1,2,3,4,0,1,2,3,3,1,2,1] [0,1,2,0,1,2,3,0,1,0,0,1,2]
False 23 13 [0,1,2,3,4,0,1,2,3,3,2,2,0] [0,1,2,3,0,1,0,1,2,0,0,1,2]
False 25 13 [0,1,2,3,4,0,1,2,3,3,2,2,2] [0,1,0,1,2,3,0,1,2,0,0,1,2]
False 25 13 [0,1,2,3,4,0,1,2,3,3,4,2,0] [0,1,2,3,0,1,0,0,1,2,0,1,2]
False 27 13 [0,1,2,3,4,0,1,2,3,3,4,2,2] [0,1,0,1,2,3,0,0,1,2,0,1,2]
False 20 14 [0,1,2,3,4,0,1,2,3,4,0,0,0] [0,1,2,3,4,0,1,0,1,0,1,0,1]
True 21 12 [0,1,2,3,4,0,1,2,3,4,0,1,0] [0,1,2,3,0,1,2,0,1,0,1,0,1]
False 22 12 [0,1,2,3,4,0,1,2,3,4,0,1,1] [0,1,2,0,1,2,3,0,1,0,1,0,1]
True 23 11 [0,1,2,3,4,0,1,2,3,4,0,1,2] [0,1,2,0,1,2,0,1,2,0,1,0,1]
False 22 12 [0,1,2,3,4,0,1,2,3,4,1,1,0] [0,1,2,3,0,1,0,1,2,0,1,0,1]
False 24 11 [0,1,2,3,4,0,1,2,3,4,1,1,2] [0,1,2,0,1,2,0,1,0,1,2,0,1]
False 25 11 [0,1,2,3,4,0,1,2,3,4,1,2,2] [0,1,2,0,1,0,1,2,0,1,2,0,1]
False 26 11 [0,1,2,3,4,0,1,2,3,4,1,2,3] [0,1,0,1,2,0,1,2,0,1,2,0,1]
False 23 12 [0,1,2,3,4,0,1,2,3,4,2,1,0] [0,1,2,3,0,1,0,1,0,1,2,0,1]
False 25 11 [0,1,2,3,4,0,1,2,3,4,2,1,2] [0,1,2,0,1,2,0,1,0,1,0,1,2]
False 26 11 [0,1,2,3,4,0,1,2,3,4,2,2,2] [0,1,2,0,1,0,1,2,0,1,0,1,2]
False 27 11 [0,1,2,3,4,0,1,2,3,4,2,2,3] [0,1,0,1,2,0,1,2,0,1,0,1,2]
False 27 11 [0,1,2,3,4,0,1,2,3,4,2,3,2] [0,1,2,0,1,0,1,0,1,2,0,1,2]
False 28 11 [0,1,2,3,4,0,1,2,3,4,2,3,3] [0,1,0,1,2,0,1,0,1,2,0,1,2]
False 29 11 [0,1,2,3,4,0,1,2,3,4,2,3,4] [0,1,0,1,0,1,2,0,1,2,0,1,2]
False 23 14 [0,1,2,3,4,0,1,2,3,4,3,0,0] [0,1,0,1,2,3,4,0,1,0,1,0,1]
False 24 12 [0,1,2,3,4,0,1,2,3,4,3,1,0] [0,1,2,3,0,1,0,1,0,1,0,1,2]
False 17 17 [0,1,2,3,4,1,1,2,0,1,0,1,1] [0,1,2,3,0,1,2,3,4,0,0,1,0]
False 18 15 [0,1,2,3,4,1,1,2,3,0,1,0,0] [0,1,2,3,4,0,1,2,0,1,0,0,1]
False 19 14 [0,1,2,3,4,1,1,2,3,0,1,0,1] [0,1,2,3,0,1,2,3,0,1,0,0,1]
True 20 13 [0,1,2,3,4,1,1,2,3,0,1,2,0] [0,1,2,3,0,1,2,0,1,2,0,0,1]
False 21 13 [0,1,2,3,4,1,1,2,3,0,1,2,1] [0,1,2,0,1,2,3,0,1,2,0,0,1]
False 22 13 [0,1,2,3,4,1,1,2,3,0,1,2,2] [0,1,2,0,1,2,0,1,2,3,0,0,1]
False 19 15 [0,1,2,3,4,1,1,2,3,1,1,0,0] [0,1,2,3,4,0,1,0,1,2,0,0,1]
False 21 14 [0,1,2,3,4,1,1,2,3,2,1,0,1] [0,1,2,3,0,1,0,1,2,3,0,0,1]
False 22 13 [0,1,2,3,4,1,1,2,3,2,1,2,0] [0,1,2,3,0,1,2,0,0,1,2,0,1]
False 23 13 [0,1,2,3,4,1,1,2,3,2,1,2,1] [0,1,2,0,1,2,3,0,0,1,2,0,1]
False 23 14 [0,1,2,3,4,1,1,2,3,2,3,0,1] [0,1,0,1,2,3,0,1,2,3,0,0,1]
False 24 13 [0,1,2,3,4,1,1,2,3,2,3,2,0] [0,1,2,3,0,0,1,2,0,1,2,0,1]
False 21 15 [0,1,2,3,4,1,1,2,3,3,1,0,0] [0,1,2,3,4,0,1,0,0,1,2,0,1]
False 23 13 [0,1,2,3,4,1,1,2,3,3,1,2,0] [0,1,2,3,0,1,2,0,0,1,0,1,2]
False 24 13 [0,1,2,3,4,1,1,2,3,3,1,2,1] [0,1,2,0,1,2,3,0,0,1,0,1,2]
False 25 13 [0,1,2,3,4,1,1,2,3,3,3,2,0] [0,1,2,3,0,0,1,2,0,1,0,1,2]
False 26 13 [0,1,2,3,4,1,1,2,3,3,4,2,0] [0,1,2,3,0,0,1,0,1,2,0,1,2]
False 18 18 [0,1,2,3,4,1,2,2,3,0,0,0,0] [0,1,2,3,4,5,0,1,0,0,1,0,1]
False 19 15 [0,1,2,3,4,1,2,2,3,0,1,0,0] [0,1,2,3,4,0,1,2,0,0,1,0,1]
False 20 14 [0,1,2,3,4,1,2,2,3,0,1,0,1] [0,1,2,3,0,1,2,3,0,0,1,0,1]
False 21 15 [0,1,2,3,4,1,2,2,3,2,1,0,0] [0,1,2,3,4,0,0,1,2,0,1,0,1]
False 22 15 [0,1,2,3,4,1,2,2,3,3,1,0,0] [0,1,2,3,4,0,0,1,0,1,2,0,1]
False 23 14 [0,1,2,3,4,1,2,2,3,3,1,0,1] [0,1,2,3,0,0,1,2,3,0,1,0,1]
False 26 14 [0,1,2,3,4,1,2,2,3,3,4,0,1] [0,0,1,2,3,0,1,2,3,0,1,0,1]
False 19 18 [0,1,2,3,4,1,2,3,3,0,0,0,0] [0,1,2,3,4,5,0,0,1,0,1,0,1]
False 17 17 [0,1,2,3,4,2,1,2,0,1,0,1,0] [0,1,2,3,4,0,1,2,3,0,0,0,1]
False 18 17 [0,1,2,3,4,2,1,2,0,1,0,1,1] [0,1,2,3,0,1,2,3,4,0,0,0,1]
False 18 16 [0,1,2,3,4,2,1,2,0,1,2,0,0] [0,1,2,3,4,0,1,2,0,0,1,2,0]
False 19 15 [0,1,2,3,4,2,1,2,0,1,2,0,1] [0,1,2,3,0,1,2,3,0,0,1,2,0]
False 20 16 [0,1,2,3,4,2,1,2,0,1,2,2,0] [0,1,2,0,1,2,3,4,0,0,1,2,0]
False 24 12 [0,1,2,3,4,2,1,2,3,0,1,2,3] [0,1,2,0,1,2,0,1,2,0,0,1,2]
False 20 16 [0,1,2,3,4,2,3,2,0,1,2,0,0] [0,1,2,3,4,0,0,1,2,0,1,2,0]
False 26 12 [0,1,2,3,4,2,3,2,3,0,1,2,3] [0,1,2,0,1,2,0,0,1,2,0,1,2]
False 28 12 [0,1,2,3,4,2,3,4,3,0,1,2,3] [0,1,2,0,0,1,2,0,1,2,0,1,2]
False 30 12 [0,1,2,3,4,2,3,4,5,0,1,2,3] [0,0,1,2,0,1,2,0,1,2,0,1,2]
False 20 16 [0,1,2,3,4,4,1,2,0,1,2,0,0] [0,1,2,3,4,0,1,2,0,0,0,1,2]
False 21 15 [0,1,2,3,4,4,1,2,0,1,2,0,1] [0,1,2,3,0,1,2,3,0,0,0,1,2]
False 22 16 [0,1,2,3,4,4,1,2,0,1,2,2,0] [0,1,2,0,1,2,3,4,0,0,0,1,2]
False 22 16 [0,1,2,3,4,4,3,2,0,1,2,0,0] [0,1,2,3,4,0,0,1,2,0,0,1,2]
False 22 20 [0,1,2,3,4,4,5,0,1,0,1,0,1] [0,0,1,2,3,4,0,1,2,3,4,0,0]
False 24 16 [0,1,2,3,4,4,5,2,0,1,2,0,0] [0,1,2,3,4,0,0,0,1,2,0,1,2]
False 18 16 [0,1,2,3,4,5,0,1,0,1,0,1,0] [0,1,2,3,4,0,1,2,3,0,0,0,0]
False 19 16 [0,1,2,3,4,5,0,1,0,1,0,1,1] [0,1,2,3,0,1,2,3,4,0,0,0,0]
False 18 17 [0,1,2,3,4,5,0,1,2,0,0,0,0] [0,1,2,3,4,5,0,1,0,1,0,0,0]
False 19 14 [0,1,2,3,4,5,0,1,2,0,1,0,0] [0,1,2,3,4,0,1,2,0,1,0,0,0]
True 20 13 [0,1,2,3,4,5,0,1,2,0,1,0,1] [0,1,2,3,0,1,2,3,0,1,0,0,0]
True 21 12 [0,1,2,3,4,5,0,1,2,0,1,2,0] [0,1,2,3,0,1,2,0,1,2,0,0,0]
False 22 12 [0,1,2,3,4,5,0,1,2,0,1,2,1] [0,1,2,0,1,2,3,0,1,2,0,0,0]
False 23 12 [0,1,2,3,4,5,0,1,2,0,1,2,2] [0,1,2,0,1,2,0,1,2,3,0,0,0]
False 20 14 [0,1,2,3,4,5,0,1,2,1,1,0,0] [0,1,2,3,4,0,1,0,1,2,0,0,0]
False 22 13 [0,1,2,3,4,5,0,1,2,2,1,0,1] [0,1,2,3,0,1,0,1,2,3,0,0,0]
False 24 13 [0,1,2,3,4,5,0,1,2,2,3,0,1] [0,1,0,1,2,3,0,1,2,3,0,0,0]
False 21 13 [0,1,2,3,4,5,0,1,2,3,0,0,0] [0,1,2,3,4,0,1,0,1,0,1,0,0]
True 22 11 [0,1,2,3,4,5,0,1,2,3,0,1,0] [0,1,2,3,0,1,2,0,1,0,1,0,0]
True 23 11 [0,1,2,3,4,5,0,1,2,3,0,1,1] [0,1,2,0,1,2,3,0,1,0,1,0,0]
True 24 10 [0,1,2,3,4,5,0,1,2,3,0,1,2] [0,1,2,0,1,2,0,1,2,0,1,0,0]
True 23 11 [0,1,2,3,4,5,0,1,2,3,1,1,0] [0,1,2,3,0,1,0,1,2,0,1,0,0]
True 25 10 [0,1,2,3,4,5,0,1,2,3,1,1,2] [0,1,2,0,1,2,0,1,0,1,2,0,0]
False 26 10 [0,1,2,3,4,5,0,1,2,3,1,2,2] [0,1,2,0,1,0,1,2,0,1,2,0,0]
False 27 10 [0,1,2,3,4,5,0,1,2,3,1,2,3] [0,1,0,1,2,0,1,2,0,1,2,0,0]
False 24 11 [0,1,2,3,4,5,0,1,2,3,2,1,0] [0,1,2,3,0,1,0,1,0,1,2,0,0]
False 24 13 [0,1,2,3,4,5,0,1,2,3,3,0,0] [0,1,0,1,2,3,4,0,1,0,1,0,0]
False 27 10 [0,1,2,3,4,5,0,1,2,3,3,1,2] [0,1,2,0,1,2,0,1,0,0,1,2,0]
False 28 10 [0,1,2,3,4,5,0,1,2,3,3,2,2] [0,1,2,0,1,0,1,2,0,0,1,2,0]
False 29 10 [0,1,2,3,4,5,0,1,2,3,3,2,3] [0,1,0,1,2,0,1,2,0,0,1,2,0]
False 30 10 [0,1,2,3,4,5,0,1,2,3,3,4,2] [0,1,2,0,1,0,0,1,2,0,1,2,0]
False 31 10 [0,1,2,3,4,5,0,1,2,3,3,4,3] [0,1,0,1,2,0,0,1,2,0,1,2,0]
False 33 10 [0,1,2,3,4,5,0,1,2,3,3,4,5] [0,1,0,0,1,2,0,1,2,0,1,2,0]
True 25 10 [0,1,2,3,4,5,0,1,2,3,4,0,0] [0,1,2,3,0,1,0,1,0,1,0,1,0]
True 26 9 [0,1,2,3,4,5,0,1,2,3,4,0,1] [0,1,2,0,1,2,0,1,0,1,0,1,0]
True 27 9 [0,1,2,3,4,5,0,1,2,3,4,1,1] [0,1,2,0,1,0,1,2,0,1,0,1,0]
False 28 9 [0,1,2,3,4,5,0,1,2,3,4,1,2] [0,1,0,1,2,0,1,2,0,1,0,1,0]
False 27 10 [0,1,2,3,4,5,0,1,2,3,4,2,0] [0,1,0,1,2,3,0,1,0,1,0,1,0]
False 28 9 [0,1,2,3,4,5,0,1,2,3,4,2,1] [0,1,2,0,1,0,1,0,1,2,0,1,0]
False 29 9 [0,1,2,3,4,5,0,1,2,3,4,2,2] [0,1,0,1,2,0,1,0,1,2,0,1,0]
False 30 9 [0,1,2,3,4,5,0,1,2,3,4,2,3] [0,1,0,1,0,1,2,0,1,2,0,1,0]
False 29 9 [0,1,2,3,4,5,0,1,2,3,4,3,1] [0,1,2,0,1,0,1,0,1,0,1,2,0]
False 30 9 [0,1,2,3,4,5,0,1,2,3,4,3,2] [0,1,0,1,2,0,1,0,1,0,1,2,0]
False 31 9 [0,1,2,3,4,5,0,1,2,3,4,3,3] [0,1,0,1,0,1,2,0,1,0,1,2,0]
False 32 9 [0,1,2,3,4,5,0,1,2,3,4,3,4] [0,1,0,1,0,1,0,1,2,0,1,2,0]
False 29 10 [0,1,2,3,4,5,0,1,2,3,4,4,0] [0,1,0,1,0,1,2,3,0,1,0,1,0]
True 30 8 [0,1,2,3,4,5,0,1,2,3,4,5,0] [0,1,2,0,1,0,1,0,1,0,1,0,1]
False 31 8 [0,1,2,3,4,5,0,1,2,3,4,5,1] [0,1,0,1,2,0,1,0,1,0,1,0,1]
False 32 8 [0,1,2,3,4,5,0,1,2,3,4,5,2] [0,1,0,1,0,1,2,0,1,0,1,0,1]
False 33 8 [0,1,2,3,4,5,0,1,2,3,4,5,3] [0,1,0,1,0,1,0,1,2,0,1,0,1]
False 34 8 [0,1,2,3,4,5,0,1,2,3,4,5,4] [0,1,0,1,0,1,0,1,0,1,2,0,1]
False 35 8 [0,1,2,3,4,5,0,1,2,3,4,5,5] [0,1,0,1,0,1,0,1,0,1,0,1,2]
False 19 17 [0,1,2,3,4,5,1,1,2,0,0,0,0] [0,1,2,3,4,5,0,1,0,0,1,0,0]
False 20 14 [0,1,2,3,4,5,1,1,2,0,1,0,0] [0,1,2,3,4,0,1,2,0,0,1,0,0]
False 21 13 [0,1,2,3,4,5,1,1,2,0,1,0,1] [0,1,2,3,0,1,2,3,0,0,1,0,0]
False 22 14 [0,1,2,3,4,5,1,1,2,2,1,0,0] [0,1,2,3,4,0,0,1,2,0,1,0,0]
False 22 13 [0,1,2,3,4,5,1,1,2,3,0,0,0] [0,1,2,3,4,0,1,0,1,0,0,1,0]
True 23 11 [0,1,2,3,4,5,1,1,2,3,0,1,0] [0,1,2,3,0,1,2,0,1,0,0,1,0]
False 24 11 [0,1,2,3,4,5,1,1,2,3,0,1,1] [0,1,2,0,1,2,3,0,1,0,0,1,0]
True 25 10 [0,1,2,3,4,5,1,1,2,3,0,1,2] [0,1,2,0,1,2,0,1,2,0,0,1,0]
False 24 11 [0,1,2,3,4,5,1,1,2,3,1,1,0] [0,1,2,3,0,1,0,1,2,0,0,1,0]
False 27 10 [0,1,2,3,4,5,1,1,2,3,2,1,2] [0,1,2,0,1,2,0,0,1,2,0,1,0]
False 29 10 [0,1,2,3,4,5,1,1,2,3,2,3,2] [0,1,2,0,0,1,2,0,1,2,0,1,0]
False 31 10 [0,1,2,3,4,5,1,1,2,3,2,3,4] [0,0,1,2,0,1,2,0,1,2,0,1,0]
False 25 13 [0,1,2,3,4,5,1,1,2,3,3,0,0] [0,1,0,1,2,3,4,0,1,0,0,1,0]
False 26 11 [0,1,2,3,4,5,1,1,2,3,3,1,0] [0,1,2,3,0,1,0,0,1,2,0,1,0]
False 28 10 [0,1,2,3,4,5,1,1,2,3,3,1,2] [0,1,2,0,1,2,0,0,1,0,1,2,0]
False 30 10 [0,1,2,3,4,5,1,1,2,3,3,3,2] [0,1,2,0,0,1,2,0,1,0,1,2,0]
False 32 10 [0,1,2,3,4,5,1,1,2,3,3,3,4] [0,0,1,2,0,1,2,0,1,0,1,2,0]
False 31 10 [0,1,2,3,4,5,1,1,2,3,3,4,2] [0,1,2,0,0,1,0,1,2,0,1,2,0]
False 33 10 [0,1,2,3,4,5,1,1,2,3,3,4,4] [0,0,1,2,0,1,0,1,2,0,1,2,0]
False 34 10 [0,1,2,3,4,5,1,1,2,3,3,4,5] [0,0,1,0,1,2,0,1,2,0,1,2,0]
False 26 10 [0,1,2,3,4,5,1,1,2,3,4,0,0] [0,1,2,3,0,1,0,1,0,1,0,0,1]
True 27 9 [0,1,2,3,4,5,1,1,2,3,4,0,1] [0,1,2,0,1,2,0,1,0,1,0,0,1]
False 28 9 [0,1,2,3,4,5,1,1,2,3,4,1,1] [0,1,2,0,1,0,1,2,0,1,0,0,1]
False 29 9 [0,1,2,3,4,5,1,1,2,3,4,1,2] [0,1,0,1,2,0,1,2,0,1,0,0,1]
False 28 10 [0,1,2,3,4,5,1,1,2,3,4,2,0] [0,1,0,1,2,3,0,1,0,1,0,0,1]
False 29 9 [0,1,2,3,4,5,1,1,2,3,4,2,1] [0,1,2,0,1,0,1,0,1,2,0,0,1]
False 30 9 [0,1,2,3,4,5,1,1,2,3,4,2,2] [0,1,0,1,2,0,1,0,1,2,0,0,1]
False 31 9 [0,1,2,3,4,5,1,1,2,3,4,2,3] [0,1,0,1,0,1,2,0,1,2,0,0,1]
False 30 10 [0,1,2,3,4,5,1,1,2,3,4,4,0] [0,1,0,1,0,1,2,3,0,1,0,0,1]
False 31 9 [0,1,2,3,4,5,1,1,2,3,4,4,1] [0,1,2,0,1,0,1,0,0,1,2,0,1]
False 32 9 [0,1,2,3,4,5,1,1,2,3,4,4,2] [0,1,0,1,2,0,1,0,0,1,2,0,1]
False 33 9 [0,1,2,3,4,5,1,1,2,3,4,4,3] [0,1,0,1,0,1,2,0,0,1,2,0,1]
False 35 9 [0,1,2,3,4,5,1,1,2,3,4,4,5] [0,1,0,1,0,0,1,2,0,1,2,0,1]
False 20 17 [0,1,2,3,4,5,1,2,2,0,0,0,0] [0,1,2,3,4,5,0,0,1,0,1,0,0]
False 23 13 [0,1,2,3,4,5,1,2,2,3,0,0,0] [0,1,2,3,4,0,1,0,0,1,0,1,0]
False 24 11 [0,1,2,3,4,5,1,2,2,3,0,1,0] [0,1,2,3,0,1,2,0,0,1,0,1,0]
False 25 11 [0,1,2,3,4,5,1,2,2,3,0,1,1] [0,1,2,0,1,2,3,0,0,1,0,1,0]
False 26 11 [0,1,2,3,4,5,1,2,2,3,2,1,0] [0,1,2,3,0,0,1,2,0,1,0,1,0]
False 26 13 [0,1,2,3,4,5,1,2,2,3,3,0,0] [0,1,0,1,2,3,4,0,0,1,0,1,0]
False 27 11 [0,1,2,3,4,5,1,2,2,3,3,1,0] [0,1,2,3,0,0,1,0,1,2,0,1,0]
False 27 10 [0,1,2,3,4,5,1,2,2,3,4,0,0] [0,1,2,3,0,1,0,1,0,0,1,0,1]
False 28 9 [0,1,2,3,4,5,1,2,2,3,4,0,1] [0,1,2,0,1,2,0,1,0,0,1,0,1]
False 29 9 [0,1,2,3,4,5,1,2,2,3,4,1,1] [0,1,2,0,1,0,1,2,0,0,1,0,1]
False 30 9 [0,1,2,3,4,5,1,2,2,3,4,1,2] [0,1,0,1,2,0,1,2,0,0,1,0,1]
False 29 10 [0,1,2,3,4,5,1,2,2,3,4,2,0] [0,1,0,1,2,3,0,1,0,0,1,0,1]
False 31 9 [0,1,2,3,4,5,1,2,2,3,4,3,1] [0,1,2,0,1,0,0,1,2,0,1,0,1]
False 32 9 [0,1,2,3,4,5,1,2,2,3,4,3,2] [0,1,0,1,2,0,0,1,2,0,1,0,1]
False 34 9 [0,1,2,3,4,5,1,2,2,3,4,3,4] [0,1,0,0,1,2,0,1,2,0,1,0,1]
False 31 10 [0,1,2,3,4,5,1,2,2,3,4,4,0] [0,1,0,1,0,1,2,3,0,0,1,0,1]
False 32 9 [0,1,2,3,4,5,1,2,2,3,4,4,1] [0,1,2,0,1,0,0,1,0,1,2,0,1]
False 33 9 [0,1,2,3,4,5,1,2,2,3,4,4,2] [0,1,0,1,2,0,0,1,0,1,2,0,1]
False 35 9 [0,1,2,3,4,5,1,2,2,3,4,4,4] [0,1,0,0,1,2,0,1,0,1,2,0,1]
False 36 9 [0,1,2,3,4,5,1,2,2,3,4,4,5] [0,1,0,0,1,0,1,2,0,1,2,0,1]
False 24 13 [0,1,2,3,4,5,1,2,3,3,0,0,0] [0,1,2,3,4,0,0,1,0,1,0,1,0]
False 28 10 [0,1,2,3,4,5,1,2,3,3,4,0,0] [0,1,2,3,0,1,0,0,1,0,1,0,1]
False 29 9 [0,1,2,3,4,5,1,2,3,3,4,0,1] [0,1,2,0,1,2,0,0,1,0,1,0,1]
False 30 10 [0,1,2,3,4,5,1,2,3,3,4,2,0] [0,1,0,1,2,3,0,0,1,0,1,0,1]
False 31 9 [0,1,2,3,4,5,1,2,3,3,4,2,1] [0,1,2,0,0,1,2,0,1,0,1,0,1]
False 33 9 [0,1,2,3,4,5,1,2,3,3,4,2,3] [0,0,1,2,0,1,2,0,1,0,1,0,1]
False 32 9 [0,1,2,3,4,5,1,2,3,3,4,3,1] [0,1,2,0,0,1,0,1,2,0,1,0,1]
False 34 9 [0,1,2,3,4,5,1,2,3,3,4,3,3] [0,0,1,2,0,1,0,1,2,0,1,0,1]
False 35 9 [0,1,2,3,4,5,1,2,3,3,4,3,4] [0,0,1,0,1,2,0,1,2,0,1,0,1]
False 33 9 [0,1,2,3,4,5,1,2,3,3,4,4,1] [0,1,2,0,0,1,0,1,0,1,2,0,1]
False 35 9 [0,1,2,3,4,5,1,2,3,3,4,4,3] [0,0,1,2,0,1,0,1,0,1,2,0,1]
False 36 9 [0,1,2,3,4,5,1,2,3,3,4,4,4] [0,0,1,0,1,2,0,1,0,1,2,0,1]
False 37 9 [0,1,2,3,4,5,1,2,3,3,4,4,5] [0,0,1,0,1,0,1,2,0,1,2,0,1]
False 29 10 [0,1,2,3,4,5,1,2,3,4,4,0,0] [0,1,2,3,0,0,1,0,1,0,1,0,1]
False 32 10 [0,1,2,3,4,5,1,2,3,4,4,3,0] [0,0,1,2,3,0,1,0,1,0,1,0,1]
False 19 18 [0,1,2,3,4,5,2,1,0,1,0,0,0] [0,1,2,3,4,5,0,0,1,2,0,0,0]
False 20 17 [0,1,2,3,4,5,2,1,2,0,0,0,0] [0,1,2,3,4,5,0,1,0,0,0,1,0]
False 21 14 [0,1,2,3,4,5,2,1,2,0,1,0,0] [0,1,2,3,4,0,1,2,0,0,0,1,0]
False 22 13 [0,1,2,3,4,5,2,1,2,0,1,0,1] [0,1,2,3,0,1,2,3,0,0,0,1,0]
False 23 12 [0,1,2,3,4,5,2,1,2,0,1,2,0] [0,1,2,3,0,1,2,0,0,1,2,0,0]
False 24 12 [0,1,2,3,4,5,2,1,2,0,1,2,1] [0,1,2,0,1,2,3,0,0,1,2,0,0]
False 23 14 [0,1,2,3,4,5,2,1,2,2,1,0,0] [0,1,2,3,4,0,0,1,2,0,0,1,0]
False 23 13 [0,1,2,3,4,5,2,1,2,3,0,0,0] [0,1,2,3,4,0,1,0,1,0,0,0,1]
False 24 11 [0,1,2,3,4,5,2,1,2,3,0,1,0] [0,1,2,3,0,1,2,0,1,0,0,0,1]
False 25 11 [0,1,2,3,4,5,2,1,2,3,0,1,1] [0,1,2,0,1,2,3,0,1,0,0,0,1]
False 26 10 [0,1,2,3,4,5,2,1,2,3,0,1,2] [0,1,2,0,1,2,0,1,2,0,0,0,1]
False 25 11 [0,1,2,3,4,5,2,1,2,3,1,1,0] [0,1,2,3,0,1,0,1,2,0,0,0,1]
False 28 10 [0,1,2,3,4,5,2,1,2,3,2,1,2] [0,1,2,0,1,2,0,0,1,2,0,0,1]
False 30 10 [0,1,2,3,4,5,2,1,2,3,2,3,2] [0,1,2,0,0,1,2,0,1,2,0,0,1]
False 32 10 [0,1,2,3,4,5,2,1,2,3,2,3,4] [0,0,1,2,0,1,2,0,1,2,0,0,1]
False 26 13 [0,1,2,3,4,5,2,1,2,3,3,0,0] [0,1,0,1,2,3,4,0,1,0,0,0,1]
False 27 11 [0,1,2,3,4,5,2,1,2,3,3,1,0] [0,1,2,3,0,1,0,0,1,2,0,0,1]
False 21 17 [0,1,2,3,4,5,2,2,2,0,0,0,0] [0,1,2,3,4,5,0,0,1,0,0,1,0]
False 24 13 [0,1,2,3,4,5,2,2,2,3,0,0,0] [0,1,2,3,4,0,1,0,0,1,0,0,1]
False 25 11 [0,1,2,3,4,5,2,2,2,3,0,1,0] [0,1,2,3,0,1,2,0,0,1,0,0,1]
False 26 11 [0,1,2,3,4,5,2,2,2,3,0,1,1] [0,1,2,0,1,2,3,0,0,1,0,0,1]
False 27 11 [0,1,2,3,4,5,2,2,2,3,2,1,0] [0,1,2,3,0,0,1,2,0,1,0,0,1]
False 27 13 [0,1,2,3,4,5,2,2,2,3,3,0,0] [0,1,0,1,2,3,4,0,0,1,0,0,1]
False 28 11 [0,1,2,3,4,5,2,2,2,3,3,1,0] [0,1,2,3,0,0,1,0,1,2,0,0,1]
False 25 13 [0,1,2,3,4,5,2,2,3,3,0,0,0] [0,1,2,3,4,0,0,1,0,1,0,0,1]
False 22 17 [0,1,2,3,4,5,2,3,2,0,0,0,0] [0,1,2,3,4,5,0,0,0,1,0,1,0]
False 25 12 [0,1,2,3,4,5,2,3,2,0,1,2,0] [0,1,2,3,0,0,1,2,0,1,2,0,0]
False 25 13 [0,1,2,3,4,5,2,3,2,3,0,0,0] [0,1,2,3,4,0,1,0,0,0,1,0,1]
False 26 11 [0,1,2,3,4,5,2,3,2,3,0,1,0] [0,1,2,3,0,1,2,0,0,0,1,0,1]
False 27 11 [0,1,2,3,4,5,2,3,2,3,0,1,1] [0,1,2,0,1,2,3,0,0,0,1,0,1]
False 28 11 [0,1,2,3,4,5,2,3,2,3,2,1,0] [0,1,2,3,0,0,1,2,0,0,1,0,1]
False 28 13 [0,1,2,3,4,5,2,3,2,3,3,0,0] [0,1,0,1,2,3,4,0,0,0,1,0,1]
False 26 13 [0,1,2,3,4,5,2,3,3,3,0,0,0] [0,1,2,3,4,0,0,1,0,0,1,0,1]
False 27 13 [0,1,2,3,4,5,2,3,4,3,0,0,0] [0,1,2,3,4,0,0,0,1,0,1,0,1]
False 21 16 [0,1,2,3,4,5,3,1,0,1,0,1,0] [0,1,2,3,4,0,0,1,2,3,0,0,0]
False 21 17 [0,1,2,3,4,5,3,1,2,0,0,0,0] [0,1,2,3,4,5,0,1,0,0,0,0,1]
False 22 14 [0,1,2,3,4,5,3,1,2,0,1,0,0] [0,1,2,3,4,0,1,2,0,0,0,0,1]
False 23 13 [0,1,2,3,4,5,3,1,2,0,1,0,1] [0,1,2,3,0,1,2,3,0,0,0,0,1]
False 24 14 [0,1,2,3,4,5,3,1,2,2,1,0,0] [0,1,2,3,4,0,0,1,2,0,0,0,1]
False 22 17 [0,1,2,3,4,5,3,2,2,0,0,0,0] [0,1,2,3,4,5,0,0,1,0,0,0,1]
False 23 17 [0,1,2,3,4,5,3,3,2,0,0,0,0] [0,1,2,3,4,5,0,0,0,1,0,0,1]
False 24 17 [0,1,2,3,4,5,3,4,2,0,0,0,0] [0,1,2,3,4,5,0,0,0,0,1,0,1]
False 21 18 [0,1,2,3,4,5,4,1,0,1,0,0,0] [0,1,2,3,4,5,0,0,0,1,2,0,0]
False 25 12 [0,1,2,3,4,5,4,1,2,0,1,2,0] [0,1,2,3,0,1,2,0,0,0,1,2,0]
False 26 12 [0,1,2,3,4,5,4,1,2,0,1,2,1] [0,1,2,0,1,2,3,0,0,0,1,2,0]
False 27 12 [0,1,2,3,4,5,4,3,2,0,1,2,0] [0,1,2,3,0,0,1,2,0,0,1,2,0]
False 29 12 [0,1,2,3,4,5,4,5,2,0,1,2,0] [0,1,2,3,0,0,0,1,2,0,1,2,0]
False 21 21 [0,1,2,3,4,5,6,0,0,0,0,0,0] [0,1,2,3,4,5,6,0,0,0,0,0,0]
False 22 16 [0,1,2,3,4,5,6,0,1,0,0,0,0] [0,1,2,3,4,5,0,1,0,0,0,0,0]
False 23 13 [0,1,2,3,4,5,6,0,1,0,1,0,0] [0,1,2,3,4,0,1,2,0,0,0,0,0]
False 24 12 [0,1,2,3,4,5,6,0,1,0,1,0,1] [0,1,2,3,0,1,2,3,0,0,0,0,0]
False 24 12 [0,1,2,3,4,5,6,0,1,2,0,0,0] [0,1,2,3,4,0,1,0,1,0,0,0,0]
True 25 10 [0,1,2,3,4,5,6,0,1,2,0,1,0] [0,1,2,3,0,1,2,0,1,0,0,0,0]
False 26 10 [0,1,2,3,4,5,6,0,1,2,0,1,1] [0,1,2,0,1,2,3,0,1,0,0,0,0]
True 27 9 [0,1,2,3,4,5,6,0,1,2,0,1,2] [0,1,2,0,1,2,0,1,2,0,0,0,0]
False 26 10 [0,1,2,3,4,5,6,0,1,2,1,1,0] [0,1,2,3,0,1,0,1,2,0,0,0,0]
True 27 9 [0,1,2,3,4,5,6,0,1,2,3,0,0] [0,1,2,3,0,1,0,1,0,1,0,0,0]
True 28 8 [0,1,2,3,4,5,6,0,1,2,3,0,1] [0,1,2,0,1,2,0,1,0,1,0,0,0]
True 29 8 [0,1,2,3,4,5,6,0,1,2,3,1,1] [0,1,2,0,1,0,1,2,0,1,0,0,0]
True 30 8 [0,1,2,3,4,5,6,0,1,2,3,1,2] [0,1,0,1,2,0,1,2,0,1,0,0,0]
False 29 9 [0,1,2,3,4,5,6,0,1,2,3,2,0] [0,1,0,1,2,3,0,1,0,1,0,0,0]
True 30 8 [0,1,2,3,4,5,6,0,1,2,3,2,1] [0,1,2,0,1,0,1,0,1,2,0,0,0]
False 31 8 [0,1,2,3,4,5,6,0,1,2,3,2,2] [0,1,0,1,2,0,1,0,1,2,0,0,0]
False 32 8 [0,1,2,3,4,5,6,0,1,2,3,2,3] [0,1,0,1,0,1,2,0,1,2,0,0,0]
True 31 7 [0,1,2,3,4,5,6,0,1,2,3,4,0] [0,1,2,0,1,0,1,0,1,0,1,0,0]
True 32 7 [0,1,2,3,4,5,6,0,1,2,3,4,1] [0,1,0,1,2,0,1,0,1,0,1,0,0]
True 33 7 [0,1,2,3,4,5,6,0,1,2,3,4,2] [0,1,0,1,0,1,2,0,1,0,1,0,0]
False 34 7 [0,1,2,3,4,5,6,0,1,2,3,4,3] [0,1,0,1,0,1,0,1,2,0,1,0,0]
False 35 7 [0,1,2,3,4,5,6,0,1,2,3,4,4] [0,1,0,1,0,1,0,1,0,1,2,0,0]
True 36 6 [0,1,2,3,4,5,6,0,1,2,3,4,5] [0,1,0,1,0,1,0,1,0,1,0,1,0]
False 23 16 [0,1,2,3,4,5,6,1,1,0,0,0,0] [0,1,2,3,4,5,0,0,1,0,0,0,0]
False 25 12 [0,1,2,3,4,5,6,1,1,2,0,0,0] [0,1,2,3,4,0,1,0,0,1,0,0,0]
False 26 10 [0,1,2,3,4,5,6,1,1,2,0,1,0] [0,1,2,3,0,1,2,0,0,1,0,0,0]
False 27 10 [0,1,2,3,4,5,6,1,1,2,0,1,1] [0,1,2,0,1,2,3,0,0,1,0,0,0]
False 28 10 [0,1,2,3,4,5,6,1,1,2,2,1,0] [0,1,2,3,0,0,1,2,0,1,0,0,0]
False 28 9 [0,1,2,3,4,5,6,1,1,2,3,0,0] [0,1,2,3,0,1,0,1,0,0,1,0,0]
True 29 8 [0,1,2,3,4,5,6,1,1,2,3,0,1] [0,1,2,0,1,2,0,1,0,0,1,0,0]
True 30 8 [0,1,2,3,4,5,6,1,1,2,3,1,1] [0,1,2,0,1,0,1,2,0,0,1,0,0]
False 31 8 [0,1,2,3,4,5,6,1,1,2,3,1,2] [0,1,0,1,2,0,1,2,0,0,1,0,0]
False 30 9 [0,1,2,3,4,5,6,1,1,2,3,2,0] [0,1,0,1,2,3,0,1,0,0,1,0,0]
False 32 8 [0,1,2,3,4,5,6,1,1,2,3,3,1] [0,1,2,0,1,0,0,1,2,0,1,0,0]
False 33 8 [0,1,2,3,4,5,6,1,1,2,3,3,2] [0,1,0,1,2,0,0,1,2,0,1,0,0]
False 35 8 [0,1,2,3,4,5,6,1,1,2,3,3,4] [0,1,0,0,1,2,0,1,2,0,1,0,0]
True 32 7 [0,1,2,3,4,5,6,1,1,2,3,4,0] [0,1,2,0,1,0,1,0,1,0,0,1,0]
True 33 7 [0,1,2,3,4,5,6,1,1,2,3,4,1] [0,1,0,1,2,0,1,0,1,0,0,1,0]
False 34 7 [0,1,2,3,4,5,6,1,1,2,3,4,2] [0,1,0,1,0,1,2,0,1,0,0,1,0]
False 35 7 [0,1,2,3,4,5,6,1,1,2,3,4,3] [0,1,0,1,0,1,0,1,2,0,0,1,0]
True 37 6 [0,1,2,3,4,5,6,1,1,2,3,4,5] [0,1,0,1,0,1,0,1,0,1,0,0,1]
False 26 12 [0,1,2,3,4,5,6,1,2,2,0,0,0] [0,1,2,3,4,0,0,1,0,1,0,0,0]
False 29 9 [0,1,2,3,4,5,6,1,2,2,3,0,0] [0,1,2,3,0,1,0,0,1,0,1,0,0]
True 30 8 [0,1,2,3,4,5,6,1,2,2,3,0,1] [0,1,2,0,1,2,0,0,1,0,1,0,0]
False 31 9 [0,1,2,3,4,5,6,1,2,2,3,2,0] [0,1,0,1,2,3,0,0,1,0,1,0,0]
False 32 8 [0,1,2,3,4,5,6,1,2,2,3,2,1] [0,1,2,0,0,1,2,0,1,0,1,0,0]
False 34 8 [0,1,2,3,4,5,6,1,2,2,3,2,3] [0,0,1,2,0,1,2,0,1,0,1,0,0]
False 33 8 [0,1,2,3,4,5,6,1,2,2,3,3,1] [0,1,2,0,0,1,0,1,2,0,1,0,0]
False 35 8 [0,1,2,3,4,5,6,1,2,2,3,3,3] [0,0,1,2,0,1,0,1,2,0,1,0,0]
False 36 8 [0,1,2,3,4,5,6,1,2,2,3,3,4] [0,0,1,0,1,2,0,1,2,0,1,0,0]
True 33 7 [0,1,2,3,4,5,6,1,2,2,3,4,0] [0,1,2,0,1,0,1,0,0,1,0,1,0]
False 34 7 [0,1,2,3,4,5,6,1,2,2,3,4,1] [0,1,0,1,2,0,1,0,0,1,0,1,0]
False 35 7 [0,1,2,3,4,5,6,1,2,2,3,4,2] [0,1,0,1,0,1,2,0,0,1,0,1,0]
False 37 7 [0,1,2,3,4,5,6,1,2,2,3,4,4] [0,1,0,1,0,0,1,2,0,1,0,1,0]
False 38 6 [0,1,2,3,4,5,6,1,2,2,3,4,5] [0,1,0,1,0,1,0,1,0,0,1,0,1]
False 30 9 [0,1,2,3,4,5,6,1,2,3,3,0,0] [0,1,2,3,0,0,1,0,1,0,1,0,0]
False 33 9 [0,1,2,3,4,5,6,1,2,3,3,3,0] [0,0,1,2,3,0,1,0,1,0,1,0,0]
False 34 7 [0,1,2,3,4,5,6,1,2,3,3,4,0] [0,1,2,0,1,0,0,1,0,1,0,1,0]
False 35 7 [0,1,2,3,4,5,6,1,2,3,3,4,1] [0,1,0,1,2,0,0,1,0,1,0,1,0]
False 37 7 [0,1,2,3,4,5,6,1,2,3,3,4,3] [0,1,0,0,1,2,0,1,0,1,0,1,0]
False 38 7 [0,1,2,3,4,5,6,1,2,3,3,4,4] [0,1,0,0,1,0,1,2,0,1,0,1,0]
False 39 6 [0,1,2,3,4,5,6,1,2,3,3,4,5] [0,1,0,1,0,1,0,0,1,0,1,0,1]
False 35 7 [0,1,2,3,4,5,6,1,2,3,4,4,0] [0,1,2,0,0,1,0,1,0,1,0,1,0]
False 37 7 [0,1,2,3,4,5,6,1,2,3,4,4,2] [0,0,1,2,0,1,0,1,0,1,0,1,0]
False 38 7 [0,1,2,3,4,5,6,1,2,3,4,4,3] [0,0,1,0,1,2,0,1,0,1,0,1,0]
False 39 7 [0,1,2,3,4,5,6,1,2,3,4,4,4] [0,0,1,0,1,0,1,2,0,1,0,1,0]
False 40 6 [0,1,2,3,4,5,6,1,2,3,4,4,5] [0,1,0,1,0,0,1,0,1,0,1,0,1]
False 41 6 [0,1,2,3,4,5,6,1,2,3,4,5,5] [0,1,0,0,1,0,1,0,1,0,1,0,1]
False 42 6 [0,1,2,3,4,5,6,1,2,3,4,5,6] [0,0,1,0,1,0,1,0,1,0,1,0,1]
False 24 16 [0,1,2,3,4,5,6,2,1,0,0,0,0] [0,1,2,3,4,5,0,0,0,1,0,0,0]
False 25 13 [0,1,2,3,4,5,6,2,1,0,1,0,0] [0,1,2,3,4,0,0,1,2,0,0,0,0]
False 26 12 [0,1,2,3,4,5,6,2,1,2,0,0,0] [0,1,2,3,4,0,1,0,0,0,1,0,0]
False 27 10 [0,1,2,3,4,5,6,2,1,2,0,1,0] [0,1,2,3,0,1,2,0,0,0,1,0,0]
False 28 10 [0,1,2,3,4,5,6,2,1,2,0,1,1] [0,1,2,0,1,2,3,0,0,0,1,0,0]
False 29 9 [0,1,2,3,4,5,6,2,1,2,0,1,2] [0,1,2,0,1,2,0,0,1,2,0,0,0]
False 29 10 [0,1,2,3,4,5,6,2,1,2,2,1,0] [0,1,2,3,0,0,1,2,0,0,1,0,0]
False 29 9 [0,1,2,3,4,5,6,2,1,2,3,0,0] [0,1,2,3,0,1,0,1,0,0,0,1,0]
True 30 8 [0,1,2,3,4,5,6,2,1,2,3,0,1] [0,1,2,0,1,2,0,1,0,0,0,1,0]
False 31 8 [0,1,2,3,4,5,6,2,1,2,3,1,1] [0,1,2,0,1,0,1,2,0,0,0,1,0]
False 32 8 [0,1,2,3,4,5,6,2,1,2,3,1,2] [0,1,0,1,2,0,1,2,0,0,0,1,0]
False 31 9 [0,1,2,3,4,5,6,2,1,2,3,2,0] [0,1,0,1,2,3,0,1,0,0,0,1,0]
False 33 8 [0,1,2,3,4,5,6,2,1,2,3,3,1] [0,1,2,0,1,0,0,1,2,0,0,1,0]
False 34 8 [0,1,2,3,4,5,6,2,1,2,3,3,2] [0,1,0,1,2,0,0,1,2,0,0,1,0]
False 36 8 [0,1,2,3,4,5,6,2,1,2,3,3,4] [0,1,0,0,1,2,0,1,2,0,0,1,0]
True 33 7 [0,1,2,3,4,5,6,2,1,2,3,4,0] [0,1,2,0,1,0,1,0,1,0,0,0,1]
False 34 7 [0,1,2,3,4,5,6,2,1,2,3,4,1] [0,1,0,1,2,0,1,0,1,0,0,0,1]
False 35 7 [0,1,2,3,4,5,6,2,1,2,3,4,2] [0,1,0,1,0,1,2,0,1,0,0,0,1]
False 36 7 [0,1,2,3,4,5,6,2,1,2,3,4,3] [0,1,0,1,0,1,0,1,2,0,0,0,1]
False 27 12 [0,1,2,3,4,5,6,2,2,2,0,0,0] [0,1,2,3,4,0,0,1,0,0,1,0,0]
False 30 9 [0,1,2,3,4,5,6,2,2,2,3,0,0] [0,1,2,3,0,1,0,0,1,0,0,1,0]
False 31 8 [0,1,2,3,4,5,6,2,2,2,3,0,1] [0,1,2,0,1,2,0,0,1,0,0,1,0]
False 32 9 [0,1,2,3,4,5,6,2,2,2,3,2,0] [0,1,0,1,2,3,0,0,1,0,0,1,0]
False 33 8 [0,1,2,3,4,5,6,2,2,2,3,2,1] [0,1,2,0,0,1,2,0,1,0,0,1,0]
False 35 8 [0,1,2,3,4,5,6,2,2,2,3,2,3] [0,0,1,2,0,1,2,0,1,0,0,1,0]
False 34 8 [0,1,2,3,4,5,6,2,2,2,3,3,1] [0,1,2,0,0,1,0,1,2,0,0,1,0]
False 36 8 [0,1,2,3,4,5,6,2,2,2,3,3,3] [0,0,1,2,0,1,0,1,2,0,0,1,0]
False 37 8 [0,1,2,3,4,5,6,2,2,2,3,3,4] [0,0,1,0,1,2,0,1,2,0,0,1,0]
False 34 7 [0,1,2,3,4,5,6,2,2,2,3,4,0] [0,1,2,0,1,0,1,0,0,1,0,0,1]
False 35 7 [0,1,2,3,4,5,6,2,2,2,3,4,1] [0,1,0,1,2,0,1,0,0,1,0,0,1]
False 36 7 [0,1,2,3,4,5,6,2,2,2,3,4,2] [0,1,0,1,0,1,2,0,0,1,0,0,1]
False 38 7 [0,1,2,3,4,5,6,2,2,2,3,4,4] [0,1,0,1,0,0,1,2,0,1,0,0,1]
False 31 9 [0,1,2,3,4,5,6,2,2,3,3,0,0] [0,1,2,3,0,0,1,0,1,0,0,1,0]
False 34 9 [0,1,2,3,4,5,6,2,2,3,3,3,0] [0,0,1,2,3,0,1,0,1,0,0,1,0]
False 35 7 [0,1,2,3,4,5,6,2,2,3,3,4,0] [0,1,2,0,1,0,0,1,0,1,0,0,1]
False 36 7 [0,1,2,3,4,5,6,2,2,3,3,4,1] [0,1,0,1,2,0,0,1,0,1,0,0,1]
False 38 7 [0,1,2,3,4,5,6,2,2,3,3,4,3] [0,1,0,0,1,2,0,1,0,1,0,0,1]
False 39 7 [0,1,2,3,4,5,6,2,2,3,3,4,4] [0,1,0,0,1,0,1,2,0,1,0,0,1]
False 36 7 [0,1,2,3,4,5,6,2,2,3,4,4,0] [0,1,2,0,0,1,0,1,0,1,0,0,1]
False 38 7 [0,1,2,3,4,5,6,2,2,3,4,4,2] [0,0,1,2,0,1,0,1,0,1,0,0,1]
False 39 7 [0,1,2,3,4,5,6,2,2,3,4,4,3] [0,0,1,0,1,2,0,1,0,1,0,0,1]
False 40 7 [0,1,2,3,4,5,6,2,2,3,4,4,4] [0,0,1,0,1,0,1,2,0,1,0,0,1]
False 28 12 [0,1,2,3,4,5,6,2,3,2,0,0,0] [0,1,2,3,4,0,0,0,1,0,1,0,0]
False 31 9 [0,1,2,3,4,5,6,2,3,2,0,1,2] [0,1,2,0,0,1,2,0,1,2,0,0,0]
False 31 9 [0,1,2,3,4,5,6,2,3,2,3,0,0] [0,1,2,3,0,1,0,0,0,1,0,1,0]
False 32 8 [0,1,2,3,4,5,6,2,3,2,3,0,1] [0,1,2,0,1,2,0,0,0,1,0,1,0]
False 33 9 [0,1,2,3,4,5,6,2,3,2,3,2,0] [0,1,0,1,2,3,0,0,0,1,0,1,0]
False 34 8 [0,1,2,3,4,5,6,2,3,2,3,2,1] [0,1,2,0,0,1,2,0,0,1,0,1,0]
False 36 8 [0,1,2,3,4,5,6,2,3,2,3,2,3] [0,0,1,2,0,1,2,0,0,1,0,1,0]
False 35 7 [0,1,2,3,4,5,6,2,3,2,3,4,0] [0,1,2,0,1,0,1,0,0,0,1,0,1]
False 36 7 [0,1,2,3,4,5,6,2,3,2,3,4,1] [0,1,0,1,2,0,1,0,0,0,1,0,1]
False 37 7 [0,1,2,3,4,5,6,2,3,2,3,4,2] [0,1,0,1,0,1,2,0,0,0,1,0,1]
False 39 7 [0,1,2,3,4,5,6,2,3,2,3,4,4] [0,1,0,1,0,0,1,2,0,0,1,0,1]
False 32 9 [0,1,2,3,4,5,6,2,3,3,3,0,0] [0,1,2,3,0,0,1,0,0,1,0,1,0]
False 35 9 [0,1,2,3,4,5,6,2,3,3,3,3,0] [0,0,1,2,3,0,1,0,0,1,0,1,0]
False 36 7 [0,1,2,3,4,5,6,2,3,3,3,4,0] [0,1,2,0,1,0,0,1,0,0,1,0,1]
False 37 7 [0,1,2,3,4,5,6,2,3,3,3,4,1] [0,1,0,1,2,0,0,1,0,0,1,0,1]
False 39 7 [0,1,2,3,4,5,6,2,3,3,3,4,3] [0,1,0,0,1,2,0,1,0,0,1,0,1]
False 40 7 [0,1,2,3,4,5,6,2,3,3,3,4,4] [0,1,0,0,1,0,1,2,0,0,1,0,1]
False 37 7 [0,1,2,3,4,5,6,2,3,3,4,4,0] [0,1,2,0,0,1,0,1,0,0,1,0,1]
False 39 7 [0,1,2,3,4,5,6,2,3,3,4,4,2] [0,0,1,2,0,1,0,1,0,0,1,0,1]
False 40 7 [0,1,2,3,4,5,6,2,3,3,4,4,3] [0,0,1,0,1,2,0,1,0,0,1,0,1]
False 41 7 [0,1,2,3,4,5,6,2,3,3,4,4,4] [0,0,1,0,1,0,1,2,0,0,1,0,1]
False 33 9 [0,1,2,3,4,5,6,2,3,4,0,1,2] [0,0,1,2,0,1,2,0,1,2,0,0,0]
False 33 9 [0,1,2,3,4,5,6,2,3,4,3,0,0] [0,1,2,3,0,0,0,1,0,1,0,1,0]
False 36 9 [0,1,2,3,4,5,6,2,3,4,3,3,0] [0,0,1,2,3,0,0,1,0,1,0,1,0]
False 37 7 [0,1,2,3,4,5,6,2,3,4,3,4,0] [0,1,2,0,1,0,0,0,1,0,1,0,1]
False 38 7 [0,1,2,3,4,5,6,2,3,4,3,4,1] [0,1,0,1,2,0,0,0,1,0,1,0,1]
False 40 7 [0,1,2,3,4,5,6,2,3,4,3,4,3] [0,1,0,0,1,2,0,0,1,0,1,0,1]
False 38 7 [0,1,2,3,4,5,6,2,3,4,4,4,0] [0,1,2,0,0,1,0,0,1,0,1,0,1]
False 40 7 [0,1,2,3,4,5,6,2,3,4,4,4,2] [0,0,1,2,0,1,0,0,1,0,1,0,1]
False 41 7 [0,1,2,3,4,5,6,2,3,4,4,4,3] [0,0,1,0,1,2,0,0,1,0,1,0,1]
False 39 7 [0,1,2,3,4,5,6,2,3,4,5,4,0] [0,1,2,0,0,0,1,0,1,0,1,0,1]
False 41 7 [0,1,2,3,4,5,6,2,3,4,5,4,2] [0,0,1,2,0,0,1,0,1,0,1,0,1]
False 43 7 [0,1,2,3,4,5,6,2,3,4,5,4,4] [0,0,0,1,2,0,1,0,1,0,1,0,1]
False 25 16 [0,1,2,3,4,5,6,3,1,0,0,0,0] [0,1,2,3,4,5,0,0,0,0,1,0,0]
False 27 12 [0,1,2,3,4,5,6,3,1,0,1,0,1] [0,1,2,3,0,0,1,2,3,0,0,0,0]
False 27 12 [0,1,2,3,4,5,6,3,1,2,0,0,0] [0,1,2,3,4,0,1,0,0,0,0,1,0]
False 28 10 [0,1,2,3,4,5,6,3,1,2,0,1,0] [0,1,2,3,0,1,2,0,0,0,0,1,0]
False 29 10 [0,1,2,3,4,5,6,3,1,2,0,1,1] [0,1,2,0,1,2,3,0,0,0,0,1,0]
False 30 10 [0,1,2,3,4,5,6,3,1,2,2,1,0] [0,1,2,3,0,0,1,2,0,0,0,1,0]
False 30 9 [0,1,2,3,4,5,6,3,1,2,3,0,0] [0,1,2,3,0,1,0,1,0,0,0,0,1]
False 31 8 [0,1,2,3,4,5,6,3,1,2,3,0,1] [0,1,2,0,1,2,0,1,0,0,0,0,1]
False 32 8 [0,1,2,3,4,5,6,3,1,2,3,1,1] [0,1,2,0,1,0,1,2,0,0,0,0,1]
False 33 8 [0,1,2,3,4,5,6,3,1,2,3,1,2] [0,1,0,1,2,0,1,2,0,0,0,0,1]
False 32 9 [0,1,2,3,4,5,6,3,1,2,3,2,0] [0,1,0,1,2,3,0,1,0,0,0,0,1]
False 34 8 [0,1,2,3,4,5,6,3,1,2,3,3,1] [0,1,2,0,1,0,0,1,2,0,0,0,1]
False 35 8 [0,1,2,3,4,5,6,3,1,2,3,3,2] [0,1,0,1,2,0,0,1,2,0,0,0,1]
False 37 8 [0,1,2,3,4,5,6,3,1,2,3,3,4] [0,1,0,0,1,2,0,1,2,0,0,0,1]
False 28 12 [0,1,2,3,4,5,6,3,2,2,0,0,0] [0,1,2,3,4,0,0,1,0,0,0,1,0]
False 31 9 [0,1,2,3,4,5,6,3,2,2,3,0,0] [0,1,2,3,0,1,0,0,1,0,0,0,1]
False 32 8 [0,1,2,3,4,5,6,3,2,2,3,0,1] [0,1,2,0,1,2,0,0,1,0,0,0,1]
False 33 9 [0,1,2,3,4,5,6,3,2,2,3,2,0] [0,1,0,1,2,3,0,0,1,0,0,0,1]
False 34 8 [0,1,2,3,4,5,6,3,2,2,3,2,1] [0,1,2,0,0,1,2,0,1,0,0,0,1]
False 36 8 [0,1,2,3,4,5,6,3,2,2,3,2,3] [0,0,1,2,0,1,2,0,1,0,0,0,1]
False 35 8 [0,1,2,3,4,5,6,3,2,2,3,3,1] [0,1,2,0,0,1,0,1,2,0,0,0,1]
False 37 8 [0,1,2,3,4,5,6,3,2,2,3,3,3] [0,0,1,2,0,1,0,1,2,0,0,0,1]
False 38 8 [0,1,2,3,4,5,6,3,2,2,3,3,4] [0,0,1,0,1,2,0,1,2,0,0,0,1]
False 32 9 [0,1,2,3,4,5,6,3,2,3,3,0,0] [0,1,2,3,0,0,1,0,1,0,0,0,1]
False 35 9 [0,1,2,3,4,5,6,3,2,3,3,3,0] [0,0,1,2,3,0,1,0,1,0,0,0,1]
False 29 12 [0,1,2,3,4,5,6,3,3,2,0,0,0] [0,1,2,3,4,0,0,0,1,0,0,1,0]
False 32 9 [0,1,2,3,4,5,6,3,3,2,3,0,0] [0,1,2,3,0,1,0,0,0,1,0,0,1]
False 33 8 [0,1,2,3,4,5,6,3,3,2,3,0,1] [0,1,2,0,1,2,0,0,0,1,0,0,1]
False 34 9 [0,1,2,3,4,5,6,3,3,2,3,2,0] [0,1,0,1,2,3,0,0,0,1,0,0,1]
False 35 8 [0,1,2,3,4,5,6,3,3,2,3,2,1] [0,1,2,0,0,1,2,0,0,1,0,0,1]
False 37 8 [0,1,2,3,4,5,6,3,3,2,3,2,3] [0,0,1,2,0,1,2,0,0,1,0,0,1]
False 33 9 [0,1,2,3,4,5,6,3,3,3,3,0,0] [0,1,2,3,0,0,1,0,0,1,0,0,1]
False 36 9 [0,1,2,3,4,5,6,3,3,3,3,3,0] [0,0,1,2,3,0,1,0,0,1,0,0,1]
False 34 9 [0,1,2,3,4,5,6,3,3,4,3,0,0] [0,1,2,3,0,0,0,1,0,1,0,0,1]
False 37 9 [0,1,2,3,4,5,6,3,3,4,3,3,0] [0,0,1,2,3,0,0,1,0,1,0,0,1]
False 30 12 [0,1,2,3,4,5,6,3,4,0,1,0,1] [0,0,1,2,3,0,1,2,3,0,0,0,0]
False 30 12 [0,1,2,3,4,5,6,3,4,2,0,0,0] [0,1,2,3,4,0,0,0,0,1,0,1,0]
False 33 9 [0,1,2,3,4,5,6,3,4,2,3,0,0] [0,1,2,3,0,1,0,0,0,0,1,0,1]
False 34 8 [0,1,2,3,4,5,6,3,4,2,3,0,1] [0,1,2,0,1,2,0,0,0,0,1,0,1]
False 35 9 [0,1,2,3,4,5,6,3,4,2,3,2,0] [0,1,0,1,2,3,0,0,0,0,1,0,1]
False 36 8 [0,1,2,3,4,5,6,3,4,2,3,2,1] [0,1,2,0,0,1,2,0,0,0,1,0,1]
False 38 8 [0,1,2,3,4,5,6,3,4,2,3,2,3] [0,0,1,2,0,1,2,0,0,0,1,0,1]
False 34 9 [0,1,2,3,4,5,6,3,4,3,3,0,0] [0,1,2,3,0,0,1,0,0,0,1,0,1]
False 37 9 [0,1,2,3,4,5,6,3,4,3,3,3,0] [0,0,1,2,3,0,1,0,0,0,1,0,1]
False 35 9 [0,1,2,3,4,5,6,3,4,4,3,0,0] [0,1,2,3,0,0,0,1,0,0,1,0,1]
False 38 9 [0,1,2,3,4,5,6,3,4,4,3,3,0] [0,0,1,2,3,0,0,1,0,0,1,0,1]
False 36 9 [0,1,2,3,4,5,6,3,4,5,3,0,0] [0,1,2,3,0,0,0,0,1,0,1,0,1]
False 39 9 [0,1,2,3,4,5,6,3,4,5,3,3,0] [0,0,1,2,3,0,0,0,1,0,1,0,1]
False 26 16 [0,1,2,3,4,5,6,4,1,0,0,0,0] [0,1,2,3,4,5,0,0,0,0,0,1,0]
False 27 13 [0,1,2,3,4,5,6,4,1,0,1,0,0] [0,1,2,3,4,0,0,0,1,2,0,0,0]
False 28 12 [0,1,2,3,4,5,6,4,1,2,0,0,0] [0,1,2,3,4,0,1,0,0,0,0,0,1]
False 29 10 [0,1,2,3,4,5,6,4,1,2,0,1,0] [0,1,2,3,0,1,2,0,0,0,0,0,1]
False 30 10 [0,1,2,3,4,5,6,4,1,2,0,1,1] [0,1,2,0,1,2,3,0,0,0,0,0,1]
False 31 9 [0,1,2,3,4,5,6,4,1,2,0,1,2] [0,1,2,0,1,2,0,0,0,1,2,0,0]
False 31 10 [0,1,2,3,4,5,6,4,1,2,2,1,0] [0,1,2,3,0,0,1,2,0,0,0,0,1]
False 29 12 [0,1,2,3,4,5,6,4,2,2,0,0,0] [0,1,2,3,4,0,0,1,0,0,0,0,1]
False 30 12 [0,1,2,3,4,5,6,4,3,2,0,0,0] [0,1,2,3,4,0,0,0,1,0,0,0,1]
False 33 9 [0,1,2,3,4,5,6,4,3,2,0,1,2] [0,1,2,0,0,1,2,0,0,1,2,0,0]
False 35 9 [0,1,2,3,4,5,6,4,3,4,0,1,2] [0,0,1,2,0,1,2,0,0,1,2,0,0]
False 31 12 [0,1,2,3,4,5,6,4,4,2,0,0,0] [0,1,2,3,4,0,0,0,0,1,0,0,1]
False 32 12 [0,1,2,3,4,5,6,4,5,2,0,0,0] [0,1,2,3,4,0,0,0,0,0,1,0,1]
False 35 9 [0,1,2,3,4,5,6,4,5,2,0,1,2] [0,1,2,0,0,0,1,2,0,1,2,0,0]
False 37 9 [0,1,2,3,4,5,6,4,5,4,0,1,2] [0,0,1,2,0,0,1,2,0,1,2,0,0]
False 39 9 [0,1,2,3,4,5,6,4,5,6,0,1,2] [0,0,0,1,2,0,1,2,0,1,2,0,0]
False 27 16 [0,1,2,3,4,5,6,5,1,0,0,0,0] [0,1,2,3,4,5,0,0,0,0,0,0,1]
False 27 21 [0,1,2,3,4,5,6,6,0,0,0,0,0] [0,0,1,2,3,4,5,6,0,0,0,0,0]
False 29 13 [0,1,2,3,4,5,6,6,1,0,1,0,0] [0,1,2,3,4,0,0,0,0,1,2,0,0]
False 30 12 [0,1,2,3,4,5,6,6,1,0,1,0,1] [0,1,2,3,0,0,0,1,2,3,0,0,0]
False 33 9 [0,1,2,3,4,5,6,6,1,2,0,1,2] [0,1,2,0,1,2,0,0,0,0,1,2,0]
False 35 9 [0,1,2,3,4,5,6,6,3,2,0,1,2] [0,1,2,0,0,1,2,0,0,0,1,2,0]
False 37 9 [0,1,2,3,4,5,6,6,3,4,0,1,2] [0,0,1,2,0,1,2,0,0,0,1,2,0]
False 33 12 [0,1,2,3,4,5,6,6,4,0,1,0,1] [0,0,1,2,3,0,0,1,2,3,0,0,0]
False 37 9 [0,1,2,3,4,5,6,6,5,2,0,1,2] [0,1,2,0,0,0,1,2,0,0,1,2,0]
False 39 9 [0,1,2,3,4,5,6,6,5,4,0,1,2] [0,0,1,2,0,0,1,2,0,0,1,2,0]
False 41 9 [0,1,2,3,4,5,6,6,5,6,0,1,2] [0,0,0,1,2,0,1,2,0,0,1,2,0]
False 36 12 [0,1,2,3,4,5,6,6,7,0,1,0,1] [0,0,0,1,2,3,0,1,2,3,0,0,0]
False 39 9 [0,1,2,3,4,5,6,6,7,2,0,1,2] [0,1,2,0,0,0,0,1,2,0,1,2,0]
False 41 9 [0,1,2,3,4,5,6,6,7,4,0,1,2] [0,0,1,2,0,0,0,1,2,0,1,2,0]
False 43 9 [0,1,2,3,4,5,6,6,7,6,0,1,2] [0,0,0,1,2,0,0,1,2,0,1,2,0]
False 45 9 [0,1,2,3,4,5,6,6,7,8,0,1,2] [0,0,0,0,1,2,0,1,2,0,1,2,0]
False 28 15 [0,1,2,3,4,5,6,7,0,0,0,0,0] [0,1,2,3,4,5,0,0,0,0,0,0,0]
False 29 11 [0,1,2,3,4,5,6,7,0,1,0,0,0] [0,1,2,3,4,0,1,0,0,0,0,0,0]
False 30 9 [0,1,2,3,4,5,6,7,0,1,0,1,0] [0,1,2,3,0,1,2,0,0,0,0,0,0]
False 31 9 [0,1,2,3,4,5,6,7,0,1,0,1,1] [0,1,2,0,1,2,3,0,0,0,0,0,0]
False 31 8 [0,1,2,3,4,5,6,7,0,1,2,0,0] [0,1,2,3,0,1,0,1,0,0,0,0,0]
True 32 7 [0,1,2,3,4,5,6,7,0,1,2,0,1] [0,1,2,0,1,2,0,1,0,0,0,0,0]
True 33 7 [0,1,2,3,4,5,6,7,0,1,2,1,1] [0,1,2,0,1,0,1,2,0,0,0,0,0]
False 34 7 [0,1,2,3,4,5,6,7,0,1,2,1,2] [0,1,0,1,2,0,1,2,0,0,0,0,0]
False 33 8 [0,1,2,3,4,5,6,7,0,1,2,2,0] [0,1,0,1,2,3,0,1,0,0,0,0,0]
True 34 6 [0,1,2,3,4,5,6,7,0,1,2,3,0] [0,1,2,0,1,0,1,0,1,0,0,0,0]
True 35 6 [0,1,2,3,4,5,6,7,0,1,2,3,1] [0,1,0,1,2,0,1,0,1,0,0,0,0]
True 36 6 [0,1,2,3,4,5,6,7,0,1,2,3,2] [0,1,0,1,0,1,2,0,1,0,0,0,0]
True 37 6 [0,1,2,3,4,5,6,7,0,1,2,3,3] [0,1,0,1,0,1,0,1,2,0,0,0,0]
True 38 5 [0,1,2,3,4,5,6,7,0,1,2,3,4] [0,1,0,1,0,1,0,1,0,1,0,0,0]
False 30 11 [0,1,2,3,4,5,6,7,1,1,0,0,0] [0,1,2,3,4,0,0,1,0,0,0,0,0]
False 32 8 [0,1,2,3,4,5,6,7,1,1,2,0,0] [0,1,2,3,0,1,0,0,1,0,0,0,0]
True 33 7 [0,1,2,3,4,5,6,7,1,1,2,0,1] [0,1,2,0,1,2,0,0,1,0,0,0,0]
False 34 8 [0,1,2,3,4,5,6,7,1,1,2,2,0] [0,1,0,1,2,3,0,0,1,0,0,0,0]
False 35 7 [0,1,2,3,4,5,6,7,1,1,2,2,1] [0,1,2,0,0,1,2,0,1,0,0,0,0]
False 37 7 [0,1,2,3,4,5,6,7,1,1,2,2,3] [0,0,1,2,0,1,2,0,1,0,0,0,0]
True 35 6 [0,1,2,3,4,5,6,7,1,1,2,3,0] [0,1,2,0,1,0,1,0,0,1,0,0,0]
True 36 6 [0,1,2,3,4,5,6,7,1,1,2,3,1] [0,1,0,1,2,0,1,0,0,1,0,0,0]
True 37 6 [0,1,2,3,4,5,6,7,1,1,2,3,2] [0,1,0,1,0,1,2,0,0,1,0,0,0]
True 39 5 [0,1,2,3,4,5,6,7,1,1,2,3,4] [0,1,0,1,0,1,0,1,0,0,1,0,0]
False 33 8 [0,1,2,3,4,5,6,7,1,2,2,0,0] [0,1,2,3,0,0,1,0,1,0,0,0,0]
True 36 6 [0,1,2,3,4,5,6,7,1,2,2,3,0] [0,1,2,0,1,0,0,1,0,1,0,0,0]
True 37 6 [0,1,2,3,4,5,6,7,1,2,2,3,1] [0,1,0,1,2,0,0,1,0,1,0,0,0]
False 39 6 [0,1,2,3,4,5,6,7,1,2,2,3,3] [0,1,0,0,1,2,0,1,0,1,0,0,0]
True 40 5 [0,1,2,3,4,5,6,7,1,2,2,3,4] [0,1,0,1,0,1,0,0,1,0,1,0,0]
True 37 6 [0,1,2,3,4,5,6,7,1,2,3,3,0] [0,1,2,0,0,1,0,1,0,1,0,0,0]
False 39 6 [0,1,2,3,4,5,6,7,1,2,3,3,2] [0,0,1,2,0,1,0,1,0,1,0,0,0]
False 40 6 [0,1,2,3,4,5,6,7,1,2,3,3,3] [0,0,1,0,1,2,0,1,0,1,0,0,0]
True 41 5 [0,1,2,3,4,5,6,7,1,2,3,3,4] [0,1,0,1,0,0,1,0,1,0,1,0,0]
False 42 5 [0,1,2,3,4,5,6,7,1,2,3,4,4] [0,1,0,0,1,0,1,0,1,0,1,0,0]
False 43 5 [0,1,2,3,4,5,6,7,1,2,3,4,5] [0,0,1,0,1,0,1,0,1,0,1,0,0]
False 31 11 [0,1,2,3,4,5,6,7,2,1,0,0,0] [0,1,2,3,4,0,0,0,1,0,0,0,0]
False 32 9 [0,1,2,3,4,5,6,7,2,1,0,1,0] [0,1,2,3,0,0,1,2,0,0,0,0,0]
False 33 8 [0,1,2,3,4,5,6,7,2,1,2,0,0] [0,1,2,3,0,1,0,0,0,1,0,0,0]
False 34 7 [0,1,2,3,4,5,6,7,2,1,2,0,1] [0,1,2,0,1,2,0,0,0,1,0,0,0]
False 35 8 [0,1,2,3,4,5,6,7,2,1,2,2,0] [0,1,0,1,2,3,0,0,0,1,0,0,0]
False 36 7 [0,1,2,3,4,5,6,7,2,1,2,2,1] [0,1,2,0,0,1,2,0,0,1,0,0,0]
False 38 7 [0,1,2,3,4,5,6,7,2,1,2,2,3] [0,0,1,2,0,1,2,0,0,1,0,0,0]
True 36 6 [0,1,2,3,4,5,6,7,2,1,2,3,0] [0,1,2,0,1,0,1,0,0,0,1,0,0]
True 37 6 [0,1,2,3,4,5,6,7,2,1,2,3,1] [0,1,0,1,2,0,1,0,0,0,1,0,0]
False 38 6 [0,1,2,3,4,5,6,7,2,1,2,3,2] [0,1,0,1,0,1,2,0,0,0,1,0,0]
True 40 5 [0,1,2,3,4,5,6,7,2,1,2,3,4] [0,1,0,1,0,1,0,1,0,0,0,1,0]
False 34 8 [0,1,2,3,4,5,6,7,2,2,2,0,0] [0,1,2,3,0,0,1,0,0,1,0,0,0]
True 37 6 [0,1,2,3,4,5,6,7,2,2,2,3,0] [0,1,2,0,1,0,0,1,0,0,1,0,0]
False 38 6 [0,1,2,3,4,5,6,7,2,2,2,3,1] [0,1,0,1,2,0,0,1,0,0,1,0,0]
False 40 6 [0,1,2,3,4,5,6,7,2,2,2,3,3] [0,1,0,0,1,2,0,1,0,0,1,0,0]
True 41 5 [0,1,2,3,4,5,6,7,2,2,2,3,4] [0,1,0,1,0,1,0,0,1,0,0,1,0]
False 38 6 [0,1,2,3,4,5,6,7,2,2,3,3,0] [0,1,2,0,0,1,0,1,0,0,1,0,0]
False 40 6 [0,1,2,3,4,5,6,7,2,2,3,3,2] [0,0,1,2,0,1,0,1,0,0,1,0,0]
False 41 6 [0,1,2,3,4,5,6,7,2,2,3,3,3] [0,0,1,0,1,2,0,1,0,0,1,0,0]
False 42 5 [0,1,2,3,4,5,6,7,2,2,3,3,4] [0,1,0,1,0,0,1,0,1,0,0,1,0]
False 43 5 [0,1,2,3,4,5,6,7,2,2,3,4,4] [0,1,0,0,1,0,1,0,1,0,0,1,0]
False 44 5 [0,1,2,3,4,5,6,7,2,2,3,4,5] [0,0,1,0,1,0,1,0,1,0,0,1,0]
False 35 8 [0,1,2,3,4,5,6,7,2,3,2,0,0] [0,1,2,3,0,0,0,1,0,1,0,0,0]
False 38 6 [0,1,2,3,4,5,6,7,2,3,2,3,0] [0,1,2,0,1,0,0,0,1,0,1,0,0]
False 39 6 [0,1,2,3,4,5,6,7,2,3,2,3,1] [0,1,0,1,2,0,0,0,1,0,1,0,0]
False 41 6 [0,1,2,3,4,5,6,7,2,3,2,3,3] [0,1,0,0,1,2,0,0,1,0,1,0,0]
False 42 5 [0,1,2,3,4,5,6,7,2,3,2,3,4] [0,1,0,1,0,1,0,0,0,1,0,1,0]
False 39 6 [0,1,2,3,4,5,6,7,2,3,3,3,0] [0,1,2,0,0,1,0,0,1,0,1,0,0]
False 41 6 [0,1,2,3,4,5,6,7,2,3,3,3,2] [0,0,1,2,0,1,0,0,1,0,1,0,0]
False 42 6 [0,1,2,3,4,5,6,7,2,3,3,3,3] [0,0,1,0,1,2,0,0,1,0,1,0,0]
False 43 5 [0,1,2,3,4,5,6,7,2,3,3,3,4] [0,1,0,1,0,0,1,0,0,1,0,1,0]
False 44 5 [0,1,2,3,4,5,6,7,2,3,3,4,4] [0,1,0,0,1,0,1,0,0,1,0,1,0]
False 45 5 [0,1,2,3,4,5,6,7,2,3,3,4,5] [0,0,1,0,1,0,1,0,0,1,0,1,0]
False 40 6 [0,1,2,3,4,5,6,7,2,3,4,3,0] [0,1,2,0,0,0,1,0,1,0,1,0,0]
False 42 6 [0,1,2,3,4,5,6,7,2,3,4,3,2] [0,0,1,2,0,0,1,0,1,0,1,0,0]
False 44 5 [0,1,2,3,4,5,6,7,2,3,4,3,4] [0,1,0,1,0,0,0,1,0,1,0,1,0]
False 45 5 [0,1,2,3,4,5,6,7,2,3,4,4,4] [0,1,0,0,1,0,0,1,0,1,0,1,0]
False 46 5 [0,1,2,3,4,5,6,7,2,3,4,4,5] [0,0,1,0,1,0,0,1,0,1,0,1,0]
False 46 5 [0,1,2,3,4,5,6,7,2,3,4,5,4] [0,1,0,0,0,1,0,1,0,1,0,1,0]
False 47 5 [0,1,2,3,4,5,6,7,2,3,4,5,5] [0,0,1,0,0,1,0,1,0,1,0,1,0]
False 48 5 [0,1,2,3,4,5,6,7,2,3,4,5,6] [0,0,0,1,0,1,0,1,0,1,0,1,0]
False 32 11 [0,1,2,3,4,5,6,7,3,1,0,0,0] [0,1,2,3,4,0,0,0,0,1,0,0,0]
False 34 8 [0,1,2,3,4,5,6,7,3,1,2,0,0] [0,1,2,3,0,1,0,0,0,0,1,0,0]
False 35 7 [0,1,2,3,4,5,6,7,3,1,2,0,1] [0,1,2,0,1,2,0,0,0,0,1,0,0]
False 36 8 [0,1,2,3,4,5,6,7,3,1,2,2,0] [0,1,0,1,2,3,0,0,0,0,1,0,0]
False 37 7 [0,1,2,3,4,5,6,7,3,1,2,2,1] [0,1,2,0,0,1,2,0,0,0,1,0,0]
False 39 7 [0,1,2,3,4,5,6,7,3,1,2,2,3] [0,0,1,2,0,1,2,0,0,0,1,0,0]
True 37 6 [0,1,2,3,4,5,6,7,3,1,2,3,0] [0,1,2,0,1,0,1,0,0,0,0,1,0]
False 38 6 [0,1,2,3,4,5,6,7,3,1,2,3,1] [0,1,0,1,2,0,1,0,0,0,0,1,0]
False 39 6 [0,1,2,3,4,5,6,7,3,1,2,3,2] [0,1,0,1,0,1,2,0,0,0,0,1,0]
True 41 5 [0,1,2,3,4,5,6,7,3,1,2,3,4] [0,1,0,1,0,1,0,1,0,0,0,0,1]
False 35 8 [0,1,2,3,4,5,6,7,3,2,2,0,0] [0,1,2,3,0,0,1,0,0,0,1,0,0]
False 38 6 [0,1,2,3,4,5,6,7,3,2,2,3,0] [0,1,2,0,1,0,0,1,0,0,0,1,0]
False 39 6 [0,1,2,3,4,5,6,7,3,2,2,3,1] [0,1,0,1,2,0,0,1,0,0,0,1,0]
False 41 6 [0,1,2,3,4,5,6,7,3,2,2,3,3] [0,1,0,0,1,2,0,1,0,0,0,1,0]
False 42 5 [0,1,2,3,4,5,6,7,3,2,2,3,4] [0,1,0,1,0,1,0,0,1,0,0,0,1]
False 39 6 [0,1,2,3,4,5,6,7,3,2,3,3,0] [0,1,2,0,0,1,0,1,0,0,0,1,0]
False 41 6 [0,1,2,3,4,5,6,7,3,2,3,3,2] [0,0,1,2,0,1,0,1,0,0,0,1,0]
False 42 6 [0,1,2,3,4,5,6,7,3,2,3,3,3] [0,0,1,0,1,2,0,1,0,0,0,1,0]
False 43 5 [0,1,2,3,4,5,6,7,3,2,3,3,4] [0,1,0,1,0,0,1,0,1,0,0,0,1]
False 44 5 [0,1,2,3,4,5,6,7,3,2,3,4,4] [0,1,0,0,1,0,1,0,1,0,0,0,1]
False 45 5 [0,1,2,3,4,5,6,7,3,2,3,4,5] [0,0,1,0,1,0,1,0,1,0,0,0,1]
False 36 8 [0,1,2,3,4,5,6,7,3,3,2,0,0] [0,1,2,3,0,0,0,1,0,0,1,0,0]
False 39 6 [0,1,2,3,4,5,6,7,3,3,2,3,0] [0,1,2,0,1,0,0,0,1,0,0,1,0]
False 40 6 [0,1,2,3,4,5,6,7,3,3,2,3,1] [0,1,0,1,2,0,0,0,1,0,0,1,0]
False 42 6 [0,1,2,3,4,5,6,7,3,3,2,3,3] [0,1,0,0,1,2,0,0,1,0,0,1,0]
False 43 5 [0,1,2,3,4,5,6,7,3,3,2,3,4] [0,1,0,1,0,1,0,0,0,1,0,0,1]
False 40 6 [0,1,2,3,4,5,6,7,3,3,3,3,0] [0,1,2,0,0,1,0,0,1,0,0,1,0]
False 42 6 [0,1,2,3,4,5,6,7,3,3,3,3,2] [0,0,1,2,0,1,0,0,1,0,0,1,0]
False 43 6 [0,1,2,3,4,5,6,7,3,3,3,3,3] [0,0,1,0,1,2,0,0,1,0,0,1,0]
False 44 5 [0,1,2,3,4,5,6,7,3,3,3,3,4] [0,1,0,1,0,0,1,0,0,1,0,0,1]
False 45 5 [0,1,2,3,4,5,6,7,3,3,3,4,4] [0,1,0,0,1,0,1,0,0,1,0,0,1]
False 46 5 [0,1,2,3,4,5,6,7,3,3,3,4,5] [0,0,1,0,1,0,1,0,0,1,0,0,1]
False 41 6 [0,1,2,3,4,5,6,7,3,3,4,3,0] [0,1,2,0,0,0,1,0,1,0,0,1,0]
False 43 6 [0,1,2,3,4,5,6,7,3,3,4,3,2] [0,0,1,2,0,0,1,0,1,0,0,1,0]
False 45 5 [0,1,2,3,4,5,6,7,3,3,4,3,4] [0,1,0,1,0,0,0,1,0,1,0,0,1]
False 46 5 [0,1,2,3,4,5,6,7,3,3,4,4,4] [0,1,0,0,1,0,0,1,0,1,0,0,1]
False 47 5 [0,1,2,3,4,5,6,7,3,3,4,4,5] [0,0,1,0,1,0,0,1,0,1,0,0,1]
False 47 5 [0,1,2,3,4,5,6,7,3,3,4,5,4] [0,1,0,0,0,1,0,1,0,1,0,0,1]
False 48 5 [0,1,2,3,4,5,6,7,3,3,4,5,5] [0,0,1,0,0,1,0,1,0,1,0,0,1]
False 49 5 [0,1,2,3,4,5,6,7,3,3,4,5,6] [0,0,0,1,0,1,0,1,0,1,0,0,1]
False 37 8 [0,1,2,3,4,5,6,7,3,4,2,0,0] [0,1,2,3,0,0,0,0,1,0,1,0,0]
False 40 6 [0,1,2,3,4,5,6,7,3,4,2,3,0] [0,1,2,0,1,0,0,0,0,1,0,1,0]
False 41 6 [0,1,2,3,4,5,6,7,3,4,2,3,1] [0,1,0,1,2,0,0,0,0,1,0,1,0]
False 43 6 [0,1,2,3,4,5,6,7,3,4,2,3,3] [0,1,0,0,1,2,0,0,0,1,0,1,0]
False 44 5 [0,1,2,3,4,5,6,7,3,4,2,3,4] [0,1,0,1,0,1,0,0,0,0,1,0,1]
False 41 6 [0,1,2,3,4,5,6,7,3,4,3,3,0] [0,1,2,0,0,1,0,0,0,1,0,1,0]
False 43 6 [0,1,2,3,4,5,6,7,3,4,3,3,2] [0,0,1,2,0,1,0,0,0,1,0,1,0]
False 44 6 [0,1,2,3,4,5,6,7,3,4,3,3,3] [0,0,1,0,1,2,0,0,0,1,0,1,0]
False 45 5 [0,1,2,3,4,5,6,7,3,4,3,3,4] [0,1,0,1,0,0,1,0,0,0,1,0,1]
False 46 5 [0,1,2,3,4,5,6,7,3,4,3,4,4] [0,1,0,0,1,0,1,0,0,0,1,0,1]
False 47 5 [0,1,2,3,4,5,6,7,3,4,3,4,5] [0,0,1,0,1,0,1,0,0,0,1,0,1]
False 42 6 [0,1,2,3,4,5,6,7,3,4,4,3,0] [0,1,2,0,0,0,1,0,0,1,0,1,0]
False 44 6 [0,1,2,3,4,5,6,7,3,4,4,3,2] [0,0,1,2,0,0,1,0,0,1,0,1,0]
False 46 5 [0,1,2,3,4,5,6,7,3,4,4,3,4] [0,1,0,1,0,0,0,1,0,0,1,0,1]
False 47 5 [0,1,2,3,4,5,6,7,3,4,4,4,4] [0,1,0,0,1,0,0,1,0,0,1,0,1]
False 48 5 [0,1,2,3,4,5,6,7,3,4,4,4,5] [0,0,1,0,1,0,0,1,0,0,1,0,1]
False 48 5 [0,1,2,3,4,5,6,7,3,4,4,5,4] [0,1,0,0,0,1,0,1,0,0,1,0,1]
False 49 5 [0,1,2,3,4,5,6,7,3,4,4,5,5] [0,0,1,0,0,1,0,1,0,0,1,0,1]
False 50 5 [0,1,2,3,4,5,6,7,3,4,4,5,6] [0,0,0,1,0,1,0,1,0,0,1,0,1]
False 43 6 [0,1,2,3,4,5,6,7,3,4,5,3,0] [0,1,2,0,0,0,0,1,0,1,0,1,0]
False 45 6 [0,1,2,3,4,5,6,7,3,4,5,3,2] [0,0,1,2,0,0,0,1,0,1,0,1,0]
False 47 5 [0,1,2,3,4,5,6,7,3,4,5,3,4] [0,1,0,1,0,0,0,0,1,0,1,0,1]
False 48 5 [0,1,2,3,4,5,6,7,3,4,5,4,4] [0,1,0,0,1,0,0,0,1,0,1,0,1]
False 49 5 [0,1,2,3,4,5,6,7,3,4,5,4,5] [0,0,1,0,1,0,0,0,1,0,1,0,1]
False 49 5 [0,1,2,3,4,5,6,7,3,4,5,5,4] [0,1,0,0,0,1,0,0,1,0,1,0,1]
False 50 5 [0,1,2,3,4,5,6,7,3,4,5,5,5] [0,0,1,0,0,1,0,0,1,0,1,0,1]
False 51 5 [0,1,2,3,4,5,6,7,3,4,5,5,6] [0,0,0,1,0,1,0,0,1,0,1,0,1]
False 50 5 [0,1,2,3,4,5,6,7,3,4,5,6,4] [0,1,0,0,0,0,1,0,1,0,1,0,1]
False 51 5 [0,1,2,3,4,5,6,7,3,4,5,6,5] [0,0,1,0,0,0,1,0,1,0,1,0,1]
False 52 5 [0,1,2,3,4,5,6,7,3,4,5,6,6] [0,0,0,1,0,0,1,0,1,0,1,0,1]
False 53 5 [0,1,2,3,4,5,6,7,3,4,5,6,7] [0,0,0,0,1,0,1,0,1,0,1,0,1]
False 33 11 [0,1,2,3,4,5,6,7,4,1,0,0,0] [0,1,2,3,4,0,0,0,0,0,1,0,0]
False 34 9 [0,1,2,3,4,5,6,7,4,1,0,1,0] [0,1,2,3,0,0,0,1,2,0,0,0,0]
False 35 8 [0,1,2,3,4,5,6,7,4,1,2,0,0] [0,1,2,3,0,1,0,0,0,0,0,1,0]
False 36 7 [0,1,2,3,4,5,6,7,4,1,2,0,1] [0,1,2,0,1,2,0,0,0,0,0,1,0]
False 37 8 [0,1,2,3,4,5,6,7,4,1,2,2,0] [0,1,0,1,2,3,0,0,0,0,0,1,0]
False 38 7 [0,1,2,3,4,5,6,7,4,1,2,2,1] [0,1,2,0,0,1,2,0,0,0,0,1,0]
False 40 7 [0,1,2,3,4,5,6,7,4,1,2,2,3] [0,0,1,2,0,1,2,0,0,0,0,1,0]
False 38 6 [0,1,2,3,4,5,6,7,4,1,2,3,0] [0,1,2,0,1,0,1,0,0,0,0,0,1]
False 39 6 [0,1,2,3,4,5,6,7,4,1,2,3,1] [0,1,0,1,2,0,1,0,0,0,0,0,1]
False 40 6 [0,1,2,3,4,5,6,7,4,1,2,3,2] [0,1,0,1,0,1,2,0,0,0,0,0,1]
False 36 8 [0,1,2,3,4,5,6,7,4,2,2,0,0] [0,1,2,3,0,0,1,0,0,0,0,1,0]
False 39 6 [0,1,2,3,4,5,6,7,4,2,2,3,0] [0,1,2,0,1,0,0,1,0,0,0,0,1]
False 40 6 [0,1,2,3,4,5,6,7,4,2,2,3,1] [0,1,0,1,2,0,0,1,0,0,0,0,1]
False 42 6 [0,1,2,3,4,5,6,7,4,2,2,3,3] [0,1,0,0,1,2,0,1,0,0,0,0,1]
False 40 6 [0,1,2,3,4,5,6,7,4,2,3,3,0] [0,1,2,0,0,1,0,1,0,0,0,0,1]
False 42 6 [0,1,2,3,4,5,6,7,4,2,3,3,2] [0,0,1,2,0,1,0,1,0,0,0,0,1]
False 43 6 [0,1,2,3,4,5,6,7,4,2,3,3,3] [0,0,1,0,1,2,0,1,0,0,0,0,1]
False 37 8 [0,1,2,3,4,5,6,7,4,3,2,0,0] [0,1,2,3,0,0,0,1,0,0,0,1,0]
False 40 6 [0,1,2,3,4,5,6,7,4,3,2,3,0] [0,1,2,0,1,0,0,0,1,0,0,0,1]
False 41 6 [0,1,2,3,4,5,6,7,4,3,2,3,1] [0,1,0,1,2,0,0,0,1,0,0,0,1]
False 43 6 [0,1,2,3,4,5,6,7,4,3,2,3,3] [0,1,0,0,1,2,0,0,1,0,0,0,1]
False 41 6 [0,1,2,3,4,5,6,7,4,3,3,3,0] [0,1,2,0,0,1,0,0,1,0,0,0,1]
False 43 6 [0,1,2,3,4,5,6,7,4,3,3,3,2] [0,0,1,2,0,1,0,0,1,0,0,0,1]
False 44 6 [0,1,2,3,4,5,6,7,4,3,3,3,3] [0,0,1,0,1,2,0,0,1,0,0,0,1]
False 42 6 [0,1,2,3,4,5,6,7,4,3,4,3,0] [0,1,2,0,0,0,1,0,1,0,0,0,1]
False 44 6 [0,1,2,3,4,5,6,7,4,3,4,3,2] [0,0,1,2,0,0,1,0,1,0,0,0,1]
False 38 8 [0,1,2,3,4,5,6,7,4,4,2,0,0] [0,1,2,3,0,0,0,0,1,0,0,1,0]
False 41 6 [0,1,2,3,4,5,6,7,4,4,2,3,0] [0,1,2,0,1,0,0,0,0,1,0,0,1]
False 42 6 [0,1,2,3,4,5,6,7,4,4,2,3,1] [0,1,0,1,2,0,0,0,0,1,0,0,1]
False 44 6 [0,1,2,3,4,5,6,7,4,4,2,3,3] [0,1,0,0,1,2,0,0,0,1,0,0,1]
False 42 6 [0,1,2,3,4,5,6,7,4,4,3,3,0] [0,1,2,0,0,1,0,0,0,1,0,0,1]
False 44 6 [0,1,2,3,4,5,6,7,4,4,3,3,2] [0,0,1,2,0,1,0,0,0,1,0,0,1]
False 45 6 [0,1,2,3,4,5,6,7,4,4,3,3,3] [0,0,1,0,1,2,0,0,0,1,0,0,1]
False 43 6 [0,1,2,3,4,5,6,7,4,4,4,3,0] [0,1,2,0,0,0,1,0,0,1,0,0,1]
False 45 6 [0,1,2,3,4,5,6,7,4,4,4,3,2] [0,0,1,2,0,0,1,0,0,1,0,0,1]
False 44 6 [0,1,2,3,4,5,6,7,4,4,5,3,0] [0,1,2,0,0,0,0,1,0,1,0,0,1]
False 46 6 [0,1,2,3,4,5,6,7,4,4,5,3,2] [0,0,1,2,0,0,0,1,0,1,0,0,1]
False 39 8 [0,1,2,3,4,5,6,7,4,5,2,0,0] [0,1,2,3,0,0,0,0,0,1,0,1,0]
False 42 6 [0,1,2,3,4,5,6,7,4,5,2,3,0] [0,1,2,0,1,0,0,0,0,0,1,0,1]
False 43 6 [0,1,2,3,4,5,6,7,4,5,2,3,1] [0,1,0,1,2,0,0,0,0,0,1,0,1]
False 45 6 [0,1,2,3,4,5,6,7,4,5,2,3,3] [0,1,0,0,1,2,0,0,0,0,1,0,1]
False 43 6 [0,1,2,3,4,5,6,7,4,5,3,3,0] [0,1,2,0,0,1,0,0,0,0,1,0,1]
False 45 6 [0,1,2,3,4,5,6,7,4,5,3,3,2] [0,0,1,2,0,1,0,0,0,0,1,0,1]
False 46 6 [0,1,2,3,4,5,6,7,4,5,3,3,3] [0,0,1,0,1,2,0,0,0,0,1,0,1]
False 44 6 [0,1,2,3,4,5,6,7,4,5,4,3,0] [0,1,2,0,0,0,1,0,0,0,1,0,1]
False 46 6 [0,1,2,3,4,5,6,7,4,5,4,3,2] [0,0,1,2,0,0,1,0,0,0,1,0,1]
False 45 6 [0,1,2,3,4,5,6,7,4,5,5,3,0] [0,1,2,0,0,0,0,1,0,0,1,0,1]
False 47 6 [0,1,2,3,4,5,6,7,4,5,5,3,2] [0,0,1,2,0,0,0,1,0,0,1,0,1]
False 46 6 [0,1,2,3,4,5,6,7,4,5,6,3,0] [0,1,2,0,0,0,0,0,1,0,1,0,1]
False 48 6 [0,1,2,3,4,5,6,7,4,5,6,3,2] [0,0,1,2,0,0,0,0,1,0,1,0,1]
False 33 15 [0,1,2,3,4,5,6,7,5,0,0,0,0] [0,0,1,2,3,4,5,0,0,0,0,0,0]
False 34 11 [0,1,2,3,4,5,6,7,5,1,0,0,0] [0,1,2,3,4,0,0,0,0,0,0,1,0]
False 36 8 [0,1,2,3,4,5,6,7,5,1,2,0,0] [0,1,2,3,0,1,0,0,0,0,0,0,1]
False 37 7 [0,1,2,3,4,5,6,7,5,1,2,0,1] [0,1,2,0,1,2,0,0,0,0,0,0,1]
False 38 8 [0,1,2,3,4,5,6,7,5,1,2,2,0] [0,1,0,1,2,3,0,0,0,0,0,0,1]
False 39 7 [0,1,2,3,4,5,6,7,5,1,2,2,1] [0,1,2,0,0,1,2,0,0,0,0,0,1]
False 41 7 [0,1,2,3,4,5,6,7,5,1,2,2,3] [0,0,1,2,0,1,2,0,0,0,0,0,1]
False 37 8 [0,1,2,3,4,5,6,7,5,2,2,0,0] [0,1,2,3,0,0,1,0,0,0,0,0,1]
False 38 8 [0,1,2,3,4,5,6,7,5,3,2,0,0] [0,1,2,3,0,0,0,1,0,0,0,0,1]
False 39 8 [0,1,2,3,4,5,6,7,5,4,2,0,0] [0,1,2,3,0,0,0,0,1,0,0,0,1]
False 40 8 [0,1,2,3,4,5,6,7,5,5,2,0,0] [0,1,2,3,0,0,0,0,0,1,0,0,1]
False 41 8 [0,1,2,3,4,5,6,7,5,6,2,0,0] [0,1,2,3,0,0,0,0,0,0,1,0,1]
False 35 11 [0,1,2,3,4,5,6,7,6,1,0,0,0] [0,1,2,3,4,0,0,0,0,0,0,0,1]
False 36 9 [0,1,2,3,4,5,6,7,6,1,0,1,0] [0,1,2,3,0,0,0,0,1,2,0,0,0]
False 36 10 [0,1,2,3,4,5,6,7,8,0,0,0,0] [0,1,2,3,4,0,0,0,0,0,0,0,0]
False 37 7 [0,1,2,3,4,5,6,7,8,0,1,0,0] [0,1,2,3,0,1,0,0,0,0,0,0,0]
False 38 6 [0,1,2,3,4,5,6,7,8,0,1,0,1] [0,1,2,0,1,2,0,0,0,0,0,0,0]
True 39 5 [0,1,2,3,4,5,6,7,8,0,1,2,0] [0,1,2,0,1,0,1,0,0,0,0,0,0]
True 40 5 [0,1,2,3,4,5,6,7,8,0,1,2,1] [0,1,0,1,2,0,1,0,0,0,0,0,0]
True 41 5 [0,1,2,3,4,5,6,7,8,0,1,2,2] [0,1,0,1,0,1,2,0,0,0,0,0,0]
True 42 4 [0,1,2,3,4,5,6,7,8,0,1,2,3] [0,1,0,1,0,1,0,1,0,0,0,0,0]
False 38 7 [0,1,2,3,4,5,6,7,8,1,1,0,0] [0,1,2,3,0,0,1,0,0,0,0,0,0]
True 40 5 [0,1,2,3,4,5,6,7,8,1,1,2,0] [0,1,2,0,1,0,0,1,0,0,0,0,0]
True 41 5 [0,1,2,3,4,5,6,7,8,1,1,2,1] [0,1,0,1,2,0,0,1,0,0,0,0,0]
True 43 4 [0,1,2,3,4,5,6,7,8,1,1,2,3] [0,1,0,1,0,1,0,0,1,0,0,0,0]
True 41 5 [0,1,2,3,4,5,6,7,8,1,2,2,0] [0,1,2,0,0,1,0,1,0,0,0,0,0]
False 43 5 [0,1,2,3,4,5,6,7,8,1,2,2,2] [0,0,1,2,0,1,0,1,0,0,0,0,0]
True 44 4 [0,1,2,3,4,5,6,7,8,1,2,2,3] [0,1,0,1,0,0,1,0,1,0,0,0,0]
True 45 4 [0,1,2,3,4,5,6,7,8,1,2,3,3] [0,1,0,0,1,0,1,0,1,0,0,0,0]
True 46 4 [0,1,2,3,4,5,6,7,8,1,2,3,4] [0,0,1,0,1,0,1,0,1,0,0,0,0]
False 39 7 [0,1,2,3,4,5,6,7,8,2,1,0,0] [0,1,2,3,0,0,0,1,0,0,0,0,0]
False 40 6 [0,1,2,3,4,5,6,7,8,2,1,0,1] [0,1,2,0,0,1,2,0,0,0,0,0,0]
True 41 5 [0,1,2,3,4,5,6,7,8,2,1,2,0] [0,1,2,0,1,0,0,0,1,0,0,0,0]
False 42 5 [0,1,2,3,4,5,6,7,8,2,1,2,1] [0,1,0,1,2,0,0,0,1,0,0,0,0]
True 44 4 [0,1,2,3,4,5,6,7,8,2,1,2,3] [0,1,0,1,0,1,0,0,0,1,0,0,0]
False 42 5 [0,1,2,3,4,5,6,7,8,2,2,2,0] [0,1,2,0,0,1,0,0,1,0,0,0,0]
False 44 5 [0,1,2,3,4,5,6,7,8,2,2,2,2] [0,0,1,2,0,1,0,0,1,0,0,0,0]
True 45 4 [0,1,2,3,4,5,6,7,8,2,2,2,3] [0,1,0,1,0,0,1,0,0,1,0,0,0]
True 46 4 [0,1,2,3,4,5,6,7,8,2,2,3,3] [0,1,0,0,1,0,1,0,0,1,0,0,0]
True 47 4 [0,1,2,3,4,5,6,7,8,2,2,3,4] [0,0,1,0,1,0,1,0,0,1,0,0,0]
False 42 6 [0,1,2,3,4,5,6,7,8,2,3,0,1] [0,0,1,2,0,1,2,0,0,0,0,0,0]
False 43 5 [0,1,2,3,4,5,6,7,8,2,3,2,0] [0,1,2,0,0,0,1,0,1,0,0,0,0]
False 45 5 [0,1,2,3,4,5,6,7,8,2,3,2,2] [0,0,1,2,0,0,1,0,1,0,0,0,0]
True 46 4 [0,1,2,3,4,5,6,7,8,2,3,2,3] [0,1,0,1,0,0,0,1,0,1,0,0,0]
True 47 4 [0,1,2,3,4,5,6,7,8,2,3,3,3] [0,1,0,0,1,0,0,1,0,1,0,0,0]
False 48 4 [0,1,2,3,4,5,6,7,8,2,3,3,4] [0,0,1,0,1,0,0,1,0,1,0,0,0]
False 48 4 [0,1,2,3,4,5,6,7,8,2,3,4,3] [0,1,0,0,0,1,0,1,0,1,0,0,0]
False 49 4 [0,1,2,3,4,5,6,7,8,2,3,4,4] [0,0,1,0,0,1,0,1,0,1,0,0,0]
False 50 4 [0,1,2,3,4,5,6,7,8,2,3,4,5] [0,0,0,1,0,1,0,1,0,1,0,0,0]
False 40 7 [0,1,2,3,4,5,6,7,8,3,1,0,0] [0,1,2,3,0,0,0,0,1,0,0,0,0]
False 42 5 [0,1,2,3,4,5,6,7,8,3,1,2,0] [0,1,2,0,1,0,0,0,0,1,0,0,0]
False 43 5 [0,1,2,3,4,5,6,7,8,3,1,2,1] [0,1,0,1,2,0,0,0,0,1,0,0,0]
True 45 4 [0,1,2,3,4,5,6,7,8,3,1,2,3] [0,1,0,1,0,1,0,0,0,0,1,0,0]
False 43 5 [0,1,2,3,4,5,6,7,8,3,2,2,0] [0,1,2,0,0,1,0,0,0,1,0,0,0]
False 45 5 [0,1,2,3,4,5,6,7,8,3,2,2,2] [0,0,1,2,0,1,0,0,0,1,0,0,0]
True 46 4 [0,1,2,3,4,5,6,7,8,3,2,2,3] [0,1,0,1,0,0,1,0,0,0,1,0,0]
True 47 4 [0,1,2,3,4,5,6,7,8,3,2,3,3] [0,1,0,0,1,0,1,0,0,0,1,0,0]
False 48 4 [0,1,2,3,4,5,6,7,8,3,2,3,4] [0,0,1,0,1,0,1,0,0,0,1,0,0]
False 44 5 [0,1,2,3,4,5,6,7,8,3,3,2,0] [0,1,2,0,0,0,1,0,0,1,0,0,0]
False 46 5 [0,1,2,3,4,5,6,7,8,3,3,2,2] [0,0,1,2,0,0,1,0,0,1,0,0,0]
True 47 4 [0,1,2,3,4,5,6,7,8,3,3,2,3] [0,1,0,1,0,0,0,1,0,0,1,0,0]
False 48 4 [0,1,2,3,4,5,6,7,8,3,3,3,3] [0,1,0,0,1,0,0,1,0,0,1,0,0]
False 49 4 [0,1,2,3,4,5,6,7,8,3,3,3,4] [0,0,1,0,1,0,0,1,0,0,1,0,0]
False 49 4 [0,1,2,3,4,5,6,7,8,3,3,4,3] [0,1,0,0,0,1,0,1,0,0,1,0,0]
False 50 4 [0,1,2,3,4,5,6,7,8,3,3,4,4] [0,0,1,0,0,1,0,1,0,0,1,0,0]
False 51 4 [0,1,2,3,4,5,6,7,8,3,3,4,5] [0,0,0,1,0,1,0,1,0,0,1,0,0]
False 45 5 [0,1,2,3,4,5,6,7,8,3,4,2,0] [0,1,2,0,0,0,0,1,0,1,0,0,0]
False 47 5 [0,1,2,3,4,5,6,7,8,3,4,2,2] [0,0,1,2,0,0,0,1,0,1,0,0,0]
False 48 4 [0,1,2,3,4,5,6,7,8,3,4,2,3] [0,1,0,1,0,0,0,0,1,0,1,0,0]
False 49 4 [0,1,2,3,4,5,6,7,8,3,4,3,3] [0,1,0,0,1,0,0,0,1,0,1,0,0]
False 50 4 [0,1,2,3,4,5,6,7,8,3,4,3,4] [0,0,1,0,1,0,0,0,1,0,1,0,0]
False 50 4 [0,1,2,3,4,5,6,7,8,3,4,4,3] [0,1,0,0,0,1,0,0,1,0,1,0,0]
False 51 4 [0,1,2,3,4,5,6,7,8,3,4,4,4] [0,0,1,0,0,1,0,0,1,0,1,0,0]
False 52 4 [0,1,2,3,4,5,6,7,8,3,4,4,5] [0,0,0,1,0,1,0,0,1,0,1,0,0]
False 51 4 [0,1,2,3,4,5,6,7,8,3,4,5,3] [0,1,0,0,0,0,1,0,1,0,1,0,0]
False 52 4 [0,1,2,3,4,5,6,7,8,3,4,5,4] [0,0,1,0,0,0,1,0,1,0,1,0,0]
False 53 4 [0,1,2,3,4,5,6,7,8,3,4,5,5] [0,0,0,1,0,0,1,0,1,0,1,0,0]
False 54 4 [0,1,2,3,4,5,6,7,8,3,4,5,6] [0,0,0,0,1,0,1,0,1,0,1,0,0]
False 40 10 [0,1,2,3,4,5,6,7,8,4,0,0,0] [0,0,1,2,3,4,0,0,0,0,0,0,0]
False 41 7 [0,1,2,3,4,5,6,7,8,4,1,0,0] [0,1,2,3,0,0,0,0,0,1,0,0,0]
False 42 6 [0,1,2,3,4,5,6,7,8,4,1,0,1] [0,1,2,0,0,0,1,2,0,0,0,0,0]
False 43 5 [0,1,2,3,4,5,6,7,8,4,1,2,0] [0,1,2,0,1,0,0,0,0,0,1,0,0]
False 44 5 [0,1,2,3,4,5,6,7,8,4,1,2,1] [0,1,0,1,2,0,0,0,0,0,1,0,0]
True 46 4 [0,1,2,3,4,5,6,7,8,4,1,2,3] [0,1,0,1,0,1,0,0,0,0,0,1,0]
False 44 5 [0,1,2,3,4,5,6,7,8,4,2,2,0] [0,1,2,0,0,1,0,0,0,0,1,0,0]
False 46 5 [0,1,2,3,4,5,6,7,8,4,2,2,2] [0,0,1,2,0,1,0,0,0,0,1,0,0]
True 47 4 [0,1,2,3,4,5,6,7,8,4,2,2,3] [0,1,0,1,0,0,1,0,0,0,0,1,0]
False 48 4 [0,1,2,3,4,5,6,7,8,4,2,3,3] [0,1,0,0,1,0,1,0,0,0,0,1,0]
False 49 4 [0,1,2,3,4,5,6,7,8,4,2,3,4] [0,0,1,0,1,0,1,0,0,0,0,1,0]
False 44 6 [0,1,2,3,4,5,6,7,8,4,3,0,1] [0,0,1,2,0,0,1,2,0,0,0,0,0]
False 45 5 [0,1,2,3,4,5,6,7,8,4,3,2,0] [0,1,2,0,0,0,1,0,0,0,1,0,0]
False 47 5 [0,1,2,3,4,5,6,7,8,4,3,2,2] [0,0,1,2,0,0,1,0,0,0,1,0,0]
False 48 4 [0,1,2,3,4,5,6,7,8,4,3,2,3] [0,1,0,1,0,0,0,1,0,0,0,1,0]
False 49 4 [0,1,2,3,4,5,6,7,8,4,3,3,3] [0,1,0,0,1,0,0,1,0,0,0,1,0]
False 50 4 [0,1,2,3,4,5,6,7,8,4,3,3,4] [0,0,1,0,1,0,0,1,0,0,0,1,0]
False 50 4 [0,1,2,3,4,5,6,7,8,4,3,4,3] [0,1,0,0,0,1,0,1,0,0,0,1,0]
False 51 4 [0,1,2,3,4,5,6,7,8,4,3,4,4] [0,0,1,0,0,1,0,1,0,0,0,1,0]
False 52 4 [0,1,2,3,4,5,6,7,8,4,3,4,5] [0,0,0,1,0,1,0,1,0,0,0,1,0]
False 46 5 [0,1,2,3,4,5,6,7,8,4,4,2,0] [0,1,2,0,0,0,0,1,0,0,1,0,0]
False 48 5 [0,1,2,3,4,5,6,7,8,4,4,2,2] [0,0,1,2,0,0,0,1,0,0,1,0,0]
False 49 4 [0,1,2,3,4,5,6,7,8,4,4,2,3] [0,1,0,1,0,0,0,0,1,0,0,1,0]
False 50 4 [0,1,2,3,4,5,6,7,8,4,4,3,3] [0,1,0,0,1,0,0,0,1,0,0,1,0]
False 51 4 [0,1,2,3,4,5,6,7,8,4,4,3,4] [0,0,1,0,1,0,0,0,1,0,0,1,0]
False 51 4 [0,1,2,3,4,5,6,7,8,4,4,4,3] [0,1,0,0,0,1,0,0,1,0,0,1,0]
False 52 4 [0,1,2,3,4,5,6,7,8,4,4,4,4] [0,0,1,0,0,1,0,0,1,0,0,1,0]
False 53 4 [0,1,2,3,4,5,6,7,8,4,4,4,5] [0,0,0,1,0,1,0,0,1,0,0,1,0]
False 52 4 [0,1,2,3,4,5,6,7,8,4,4,5,3] [0,1,0,0,0,0,1,0,1,0,0,1,0]
False 53 4 [0,1,2,3,4,5,6,7,8,4,4,5,4] [0,0,1,0,0,0,1,0,1,0,0,1,0]
False 54 4 [0,1,2,3,4,5,6,7,8,4,4,5,5] [0,0,0,1,0,0,1,0,1,0,0,1,0]
False 55 4 [0,1,2,3,4,5,6,7,8,4,4,5,6] [0,0,0,0,1,0,1,0,1,0,0,1,0]
False 46 6 [0,1,2,3,4,5,6,7,8,4,5,0,1] [0,0,0,1,2,0,1,2,0,0,0,0,0]
False 47 5 [0,1,2,3,4,5,6,7,8,4,5,2,0] [0,1,2,0,0,0,0,0,1,0,1,0,0]
False 49 5 [0,1,2,3,4,5,6,7,8,4,5,2,2] [0,0,1,2,0,0,0,0,1,0,1,0,0]
False 50 4 [0,1,2,3,4,5,6,7,8,4,5,2,3] [0,1,0,1,0,0,0,0,0,1,0,1,0]
False 51 4 [0,1,2,3,4,5,6,7,8,4,5,3,3] [0,1,0,0,1,0,0,0,0,1,0,1,0]
False 52 4 [0,1,2,3,4,5,6,7,8,4,5,3,4] [0,0,1,0,1,0,0,0,0,1,0,1,0]
False 52 4 [0,1,2,3,4,5,6,7,8,4,5,4,3] [0,1,0,0,0,1,0,0,0,1,0,1,0]
False 53 4 [0,1,2,3,4,5,6,7,8,4,5,4,4] [0,0,1,0,0,1,0,0,0,1,0,1,0]
False 54 4 [0,1,2,3,4,5,6,7,8,4,5,4,5] [0,0,0,1,0,1,0,0,0,1,0,1,0]
False 53 4 [0,1,2,3,4,5,6,7,8,4,5,5,3] [0,1,0,0,0,0,1,0,0,1,0,1,0]
False 54 4 [0,1,2,3,4,5,6,7,8,4,5,5,4] [0,0,1,0,0,0,1,0,0,1,0,1,0]
False 55 4 [0,1,2,3,4,5,6,7,8,4,5,5,5] [0,0,0,1,0,0,1,0,0,1,0,1,0]
False 56 4 [0,1,2,3,4,5,6,7,8,4,5,5,6] [0,0,0,0,1,0,1,0,0,1,0,1,0]
False 54 4 [0,1,2,3,4,5,6,7,8,4,5,6,3] [0,1,0,0,0,0,0,1,0,1,0,1,0]
False 55 4 [0,1,2,3,4,5,6,7,8,4,5,6,4] [0,0,1,0,0,0,0,1,0,1,0,1,0]
False 56 4 [0,1,2,3,4,5,6,7,8,4,5,6,5] [0,0,0,1,0,0,0,1,0,1,0,1,0]
False 57 4 [0,1,2,3,4,5,6,7,8,4,5,6,6] [0,0,0,0,1,0,0,1,0,1,0,1,0]
False 58 4 [0,1,2,3,4,5,6,7,8,4,5,6,7] [0,0,0,0,0,1,0,1,0,1,0,1,0]
False 42 7 [0,1,2,3,4,5,6,7,8,5,1,0,0] [0,1,2,3,0,0,0,0,0,0,1,0,0]
False 44 5 [0,1,2,3,4,5,6,7,8,5,1,2,0] [0,1,2,0,1,0,0,0,0,0,0,1,0]
False 45 5 [0,1,2,3,4,5,6,7,8,5,1,2,1] [0,1,0,1,2,0,0,0,0,0,0,1,0]
True 47 4 [0,1,2,3,4,5,6,7,8,5,1,2,3] [0,1,0,1,0,1,0,0,0,0,0,0,1]
False 45 5 [0,1,2,3,4,5,6,7,8,5,2,2,0] [0,1,2,0,0,1,0,0,0,0,0,1,0]
False 47 5 [0,1,2,3,4,5,6,7,8,5,2,2,2] [0,0,1,2,0,1,0,0,0,0,0,1,0]
False 48 4 [0,1,2,3,4,5,6,7,8,5,2,2,3] [0,1,0,1,0,0,1,0,0,0,0,0,1]
False 49 4 [0,1,2,3,4,5,6,7,8,5,2,3,3] [0,1,0,0,1,0,1,0,0,0,0,0,1]
False 50 4 [0,1,2,3,4,5,6,7,8,5,2,3,4] [0,0,1,0,1,0,1,0,0,0,0,0,1]
False 46 5 [0,1,2,3,4,5,6,7,8,5,3,2,0] [0,1,2,0,0,0,1,0,0,0,0,1,0]
False 48 5 [0,1,2,3,4,5,6,7,8,5,3,2,2] [0,0,1,2,0,0,1,0,0,0,0,1,0]
False 49 4 [0,1,2,3,4,5,6,7,8,5,3,2,3] [0,1,0,1,0,0,0,1,0,0,0,0,1]
False 50 4 [0,1,2,3,4,5,6,7,8,5,3,3,3] [0,1,0,0,1,0,0,1,0,0,0,0,1]
False 51 4 [0,1,2,3,4,5,6,7,8,5,3,3,4] [0,0,1,0,1,0,0,1,0,0,0,0,1]
False 51 4 [0,1,2,3,4,5,6,7,8,5,3,4,3] [0,1,0,0,0,1,0,1,0,0,0,0,1]
False 52 4 [0,1,2,3,4,5,6,7,8,5,3,4,4] [0,0,1,0,0,1,0,1,0,0,0,0,1]
False 53 4 [0,1,2,3,4,5,6,7,8,5,3,4,5] [0,0,0,1,0,1,0,1,0,0,0,0,1]
False 47 5 [0,1,2,3,4,5,6,7,8,5,4,2,0] [0,1,2,0,0,0,0,1,0,0,0,1,0]
False 49 5 [0,1,2,3,4,5,6,7,8,5,4,2,2] [0,0,1,2,0,0,0,1,0,0,0,1,0]
False 50 4 [0,1,2,3,4,5,6,7,8,5,4,2,3] [0,1,0,1,0,0,0,0,1,0,0,0,1]
False 51 4 [0,1,2,3,4,5,6,7,8,5,4,3,3] [0,1,0,0,1,0,0,0,1,0,0,0,1]
False 52 4 [0,1,2,3,4,5,6,7,8,5,4,3,4] [0,0,1,0,1,0,0,0,1,0,0,0,1]
False 52 4 [0,1,2,3,4,5,6,7,8,5,4,4,3] [0,1,0,0,0,1,0,0,1,0,0,0,1]
False 53 4 [0,1,2,3,4,5,6,7,8,5,4,4,4] [0,0,1,0,0,1,0,0,1,0,0,0,1]
False 54 4 [0,1,2,3,4,5,6,7,8,5,4,4,5] [0,0,0,1,0,1,0,0,1,0,0,0,1]
False 53 4 [0,1,2,3,4,5,6,7,8,5,4,5,3] [0,1,0,0,0,0,1,0,1,0,0,0,1]
False 54 4 [0,1,2,3,4,5,6,7,8,5,4,5,4] [0,0,1,0,0,0,1,0,1,0,0,0,1]
False 55 4 [0,1,2,3,4,5,6,7,8,5,4,5,5] [0,0,0,1,0,0,1,0,1,0,0,0,1]
False 56 4 [0,1,2,3,4,5,6,7,8,5,4,5,6] [0,0,0,0,1,0,1,0,1,0,0,0,1]
False 48 5 [0,1,2,3,4,5,6,7,8,5,5,2,0] [0,1,2,0,0,0,0,0,1,0,0,1,0]
False 50 5 [0,1,2,3,4,5,6,7,8,5,5,2,2] [0,0,1,2,0,0,0,0,1,0,0,1,0]
False 51 4 [0,1,2,3,4,5,6,7,8,5,5,2,3] [0,1,0,1,0,0,0,0,0,1,0,0,1]
False 52 4 [0,1,2,3,4,5,6,7,8,5,5,3,3] [0,1,0,0,1,0,0,0,0,1,0,0,1]
False 53 4 [0,1,2,3,4,5,6,7,8,5,5,3,4] [0,0,1,0,1,0,0,0,0,1,0,0,1]
False 53 4 [0,1,2,3,4,5,6,7,8,5,5,4,3] [0,1,0,0,0,1,0,0,0,1,0,0,1]
False 54 4 [0,1,2,3,4,5,6,7,8,5,5,4,4] [0,0,1,0,0,1,0,0,0,1,0,0,1]
False 55 4 [0,1,2,3,4,5,6,7,8,5,5,4,5] [0,0,0,1,0,1,0,0,0,1,0,0,1]
False 54 4 [0,1,2,3,4,5,6,7,8,5,5,5,3] [0,1,0,0,0,0,1,0,0,1,0,0,1]
False 55 4 [0,1,2,3,4,5,6,7,8,5,5,5,4] [0,0,1,0,0,0,1,0,0,1,0,0,1]
False 56 4 [0,1,2,3,4,5,6,7,8,5,5,5,5] [0,0,0,1,0,0,1,0,0,1,0,0,1]
False 57 4 [0,1,2,3,4,5,6,7,8,5,5,5,6] [0,0,0,0,1,0,1,0,0,1,0,0,1]
False 55 4 [0,1,2,3,4,5,6,7,8,5,5,6,3] [0,1,0,0,0,0,0,1,0,1,0,0,1]
False 56 4 [0,1,2,3,4,5,6,7,8,5,5,6,4] [0,0,1,0,0,0,0,1,0,1,0,0,1]
False 57 4 [0,1,2,3,4,5,6,7,8,5,5,6,5] [0,0,0,1,0,0,0,1,0,1,0,0,1]
False 58 4 [0,1,2,3,4,5,6,7,8,5,5,6,6] [0,0,0,0,1,0,0,1,0,1,0,0,1]
False 59 4 [0,1,2,3,4,5,6,7,8,5,5,6,7] [0,0,0,0,0,1,0,1,0,1,0,0,1]
False 49 5 [0,1,2,3,4,5,6,7,8,5,6,2,0] [0,1,2,0,0,0,0,0,0,1,0,1,0]
False 51 5 [0,1,2,3,4,5,6,7,8,5,6,2,2] [0,0,1,2,0,0,0,0,0,1,0,1,0]
False 52 4 [0,1,2,3,4,5,6,7,8,5,6,2,3] [0,1,0,1,0,0,0,0,0,0,1,0,1]
False 53 4 [0,1,2,3,4,5,6,7,8,5,6,3,3] [0,1,0,0,1,0,0,0,0,0,1,0,1]
False 54 4 [0,1,2,3,4,5,6,7,8,5,6,3,4] [0,0,1,0,1,0,0,0,0,0,1,0,1]
False 54 4 [0,1,2,3,4,5,6,7,8,5,6,4,3] [0,1,0,0,0,1,0,0,0,0,1,0,1]
False 55 4 [0,1,2,3,4,5,6,7,8,5,6,4,4] [0,0,1,0,0,1,0,0,0,0,1,0,1]
False 56 4 [0,1,2,3,4,5,6,7,8,5,6,4,5] [0,0,0,1,0,1,0,0,0,0,1,0,1]
False 55 4 [0,1,2,3,4,5,6,7,8,5,6,5,3] [0,1,0,0,0,0,1,0,0,0,1,0,1]
False 56 4 [0,1,2,3,4,5,6,7,8,5,6,5,4] [0,0,1,0,0,0,1,0,0,0,1,0,1]
False 57 4 [0,1,2,3,4,5,6,7,8,5,6,5,5] [0,0,0,1,0,0,1,0,0,0,1,0,1]
False 58 4 [0,1,2,3,4,5,6,7,8,5,6,5,6] [0,0,0,0,1,0,1,0,0,0,1,0,1]
False 56 4 [0,1,2,3,4,5,6,7,8,5,6,6,3] [0,1,0,0,0,0,0,1,0,0,1,0,1]
False 57 4 [0,1,2,3,4,5,6,7,8,5,6,6,4] [0,0,1,0,0,0,0,1,0,0,1,0,1]
False 58 4 [0,1,2,3,4,5,6,7,8,5,6,6,5] [0,0,0,1,0,0,0,1,0,0,1,0,1]
False 59 4 [0,1,2,3,4,5,6,7,8,5,6,6,6] [0,0,0,0,1,0,0,1,0,0,1,0,1]
False 60 4 [0,1,2,3,4,5,6,7,8,5,6,6,7] [0,0,0,0,0,1,0,1,0,0,1,0,1]
False 57 4 [0,1,2,3,4,5,6,7,8,5,6,7,3] [0,1,0,0,0,0,0,0,1,0,1,0,1]
False 58 4 [0,1,2,3,4,5,6,7,8,5,6,7,4] [0,0,1,0,0,0,0,0,1,0,1,0,1]
False 59 4 [0,1,2,3,4,5,6,7,8,5,6,7,5] [0,0,0,1,0,0,0,0,1,0,1,0,1]
False 60 4 [0,1,2,3,4,5,6,7,8,5,6,7,6] [0,0,0,0,1,0,0,0,1,0,1,0,1]
False 61 4 [0,1,2,3,4,5,6,7,8,5,6,7,7] [0,0,0,0,0,1,0,0,1,0,1,0,1]
False 62 4 [0,1,2,3,4,5,6,7,8,5,6,7,8] [0,0,0,0,0,0,1,0,1,0,1,0,1]
False 43 7 [0,1,2,3,4,5,6,7,8,6,1,0,0] [0,1,2,3,0,0,0,0,0,0,0,1,0]
False 44 6 [0,1,2,3,4,5,6,7,8,6,1,0,1] [0,1,2,0,0,0,0,1,2,0,0,0,0]
False 45 5 [0,1,2,3,4,5,6,7,8,6,1,2,0] [0,1,2,0,1,0,0,0,0,0,0,0,1]
False 46 5 [0,1,2,3,4,5,6,7,8,6,1,2,1] [0,1,0,1,2,0,0,0,0,0,0,0,1]
False 46 5 [0,1,2,3,4,5,6,7,8,6,2,2,0] [0,1,2,0,0,1,0,0,0,0,0,0,1]
False 48 5 [0,1,2,3,4,5,6,7,8,6,2,2,2] [0,0,1,2,0,1,0,0,0,0,0,0,1]
False 46 6 [0,1,2,3,4,5,6,7,8,6,3,0,1] [0,0,1,2,0,0,0,1,2,0,0,0,0]
False 47 5 [0,1,2,3,4,5,6,7,8,6,3,2,0] [0,1,2,0,0,0,1,0,0,0,0,0,1]
False 49 5 [0,1,2,3,4,5,6,7,8,6,3,2,2] [0,0,1,2,0,0,1,0,0,0,0,0,1]
False 48 5 [0,1,2,3,4,5,6,7,8,6,4,2,0] [0,1,2,0,0,0,0,1,0,0,0,0,1]
False 50 5 [0,1,2,3,4,5,6,7,8,6,4,2,2] [0,0,1,2,0,0,0,1,0,0,0,0,1]
False 48 6 [0,1,2,3,4,5,6,7,8,6,5,0,1] [0,0,0,1,2,0,0,1,2,0,0,0,0]
False 49 5 [0,1,2,3,4,5,6,7,8,6,5,2,0] [0,1,2,0,0,0,0,0,1,0,0,0,1]
False 51 5 [0,1,2,3,4,5,6,7,8,6,5,2,2] [0,0,1,2,0,0,0,0,1,0,0,0,1]
False 50 5 [0,1,2,3,4,5,6,7,8,6,6,2,0] [0,1,2,0,0,0,0,0,0,1,0,0,1]
False 52 5 [0,1,2,3,4,5,6,7,8,6,6,2,2] [0,0,1,2,0,0,0,0,0,1,0,0,1]
False 50 6 [0,1,2,3,4,5,6,7,8,6,7,0,1] [0,0,0,0,1,2,0,1,2,0,0,0,0]
False 51 5 [0,1,2,3,4,5,6,7,8,6,7,2,0] [0,1,2,0,0,0,0,0,0,0,1,0,1]
False 53 5 [0,1,2,3,4,5,6,7,8,6,7,2,2] [0,0,1,2,0,0,0,0,0,0,1,0,1]
False 44 7 [0,1,2,3,4,5,6,7,8,7,1,0,0] [0,1,2,3,0,0,0,0,0,0,0,0,1]
False 44 10 [0,1,2,3,4,5,6,7,8,8,0,0,0] [0,0,0,1,2,3,4,0,0,0,0,0,0]
False 46 6 [0,1,2,3,4,5,6,7,8,8,1,0,1] [0,1,2,0,0,0,0,0,1,2,0,0,0]
False 48 6 [0,1,2,3,4,5,6,7,8,8,3,0,1] [0,0,1,2,0,0,0,0,1,2,0,0,0]
False 50 6 [0,1,2,3,4,5,6,7,8,8,5,0,1] [0,0,0,1,2,0,0,0,1,2,0,0,0]
False 52 6 [0,1,2,3,4,5,6,7,8,8,7,0,1] [0,0,0,0,1,2,0,0,1,2,0,0,0]
False 54 6 [0,1,2,3,4,5,6,7,8,8,9,0,1] [0,0,0,0,0,1,2,0,1,2,0,0,0]
False 45 6 [0,1,2,3,4,5,6,7,8,9,0,0,0] [0,1,2,3,0,0,0,0,0,0,0,0,0]
True 46 4 [0,1,2,3,4,5,6,7,8,9,0,1,0] [0,1,2,0,1,0,0,0,0,0,0,0,0]
True 47 4 [0,1,2,3,4,5,6,7,8,9,0,1,1] [0,1,0,1,2,0,0,0,0,0,0,0,0]
True 48 3 [0,1,2,3,4,5,6,7,8,9,0,1,2] [0,1,0,1,0,1,0,0,0,0,0,0,0]
True 47 4 [0,1,2,3,4,5,6,7,8,9,1,1,0] [0,1,2,0,0,1,0,0,0,0,0,0,0]
True 49 3 [0,1,2,3,4,5,6,7,8,9,1,1,2] [0,1,0,1,0,0,1,0,0,0,0,0,0]
True 50 3 [0,1,2,3,4,5,6,7,8,9,1,2,2] [0,1,0,0,1,0,1,0,0,0,0,0,0]
True 51 3 [0,1,2,3,4,5,6,7,8,9,1,2,3] [0,0,1,0,1,0,1,0,0,0,0,0,0]
False 48 4 [0,1,2,3,4,5,6,7,8,9,2,1,0] [0,1,2,0,0,0,1,0,0,0,0,0,0]
True 50 3 [0,1,2,3,4,5,6,7,8,9,2,1,2] [0,1,0,1,0,0,0,1,0,0,0,0,0]
True 51 3 [0,1,2,3,4,5,6,7,8,9,2,2,2] [0,1,0,0,1,0,0,1,0,0,0,0,0]
True 52 3 [0,1,2,3,4,5,6,7,8,9,2,2,3] [0,0,1,0,1,0,0,1,0,0,0,0,0]
True 52 3 [0,1,2,3,4,5,6,7,8,9,2,3,2] [0,1,0,0,0,1,0,1,0,0,0,0,0]
True 53 3 [0,1,2,3,4,5,6,7,8,9,2,3,3] [0,0,1,0,0,1,0,1,0,0,0,0,0]
True 54 3 [0,1,2,3,4,5,6,7,8,9,2,3,4] [0,0,0,1,0,1,0,1,0,0,0,0,0]
False 48 6 [0,1,2,3,4,5,6,7,8,9,3,0,0] [0,0,1,2,3,0,0,0,0,0,0,0,0]
False 49 4 [0,1,2,3,4,5,6,7,8,9,3,1,0] [0,1,2,0,0,0,0,1,0,0,0,0,0]
True 51 3 [0,1,2,3,4,5,6,7,8,9,3,1,2] [0,1,0,1,0,0,0,0,1,0,0,0,0]
True 52 3 [0,1,2,3,4,5,6,7,8,9,3,2,2] [0,1,0,0,1,0,0,0,1,0,0,0,0]
True 53 3 [0,1,2,3,4,5,6,7,8,9,3,2,3] [0,0,1,0,1,0,0,0,1,0,0,0,0]
True 53 3 [0,1,2,3,4,5,6,7,8,9,3,3,2] [0,1,0,0,0,1,0,0,1,0,0,0,0]
True 54 3 [0,1,2,3,4,5,6,7,8,9,3,3,3] [0,0,1,0,0,1,0,0,1,0,0,0,0]
True 55 3 [0,1,2,3,4,5,6,7,8,9,3,3,4] [0,0,0,1,0,1,0,0,1,0,0,0,0]
True 54 3 [0,1,2,3,4,5,6,7,8,9,3,4,2] [0,1,0,0,0,0,1,0,1,0,0,0,0]
True 55 3 [0,1,2,3,4,5,6,7,8,9,3,4,3] [0,0,1,0,0,0,1,0,1,0,0,0,0]
False 56 3 [0,1,2,3,4,5,6,7,8,9,3,4,4] [0,0,0,1,0,0,1,0,1,0,0,0,0]
False 57 3 [0,1,2,3,4,5,6,7,8,9,3,4,5] [0,0,0,0,1,0,1,0,1,0,0,0,0]
False 50 4 [0,1,2,3,4,5,6,7,8,9,4,1,0] [0,1,2,0,0,0,0,0,1,0,0,0,0]
True 52 3 [0,1,2,3,4,5,6,7,8,9,4,1,2] [0,1,0,1,0,0,0,0,0,1,0,0,0]
True 53 3 [0,1,2,3,4,5,6,7,8,9,4,2,2] [0,1,0,0,1,0,0,0,0,1,0,0,0]
True 54 3 [0,1,2,3,4,5,6,7,8,9,4,2,3] [0,0,1,0,1,0,0,0,0,1,0,0,0]
True 54 3 [0,1,2,3,4,5,6,7,8,9,4,3,2] [0,1,0,0,0,1,0,0,0,1,0,0,0]
True 55 3 [0,1,2,3,4,5,6,7,8,9,4,3,3] [0,0,1,0,0,1,0,0,0,1,0,0,0]
False 56 3 [0,1,2,3,4,5,6,7,8,9,4,3,4] [0,0,0,1,0,1,0,0,0,1,0,0,0]
True 55 3 [0,1,2,3,4,5,6,7,8,9,4,4,2] [0,1,0,0,0,0,1,0,0,1,0,0,0]
False 56 3 [0,1,2,3,4,5,6,7,8,9,4,4,3] [0,0,1,0,0,0,1,0,0,1,0,0,0]
False 57 3 [0,1,2,3,4,5,6,7,8,9,4,4,4] [0,0,0,1,0,0,1,0,0,1,0,0,0]
False 58 3 [0,1,2,3,4,5,6,7,8,9,4,4,5] [0,0,0,0,1,0,1,0,0,1,0,0,0]
False 56 3 [0,1,2,3,4,5,6,7,8,9,4,5,2] [0,1,0,0,0,0,0,1,0,1,0,0,0]
False 57 3 [0,1,2,3,4,5,6,7,8,9,4,5,3] [0,0,1,0,0,0,0,1,0,1,0,0,0]
False 58 3 [0,1,2,3,4,5,6,7,8,9,4,5,4] [0,0,0,1,0,0,0,1,0,1,0,0,0]
False 59 3 [0,1,2,3,4,5,6,7,8,9,4,5,5] [0,0,0,0,1,0,0,1,0,1,0,0,0]
False 60 3 [0,1,2,3,4,5,6,7,8,9,4,5,6] [0,0,0,0,0,1,0,1,0,1,0,0,0]
False 51 4 [0,1,2,3,4,5,6,7,8,9,5,1,0] [0,1,2,0,0,0,0,0,0,1,0,0,0]
True 53 3 [0,1,2,3,4,5,6,7,8,9,5,1,2] [0,1,0,1,0,0,0,0,0,0,1,0,0]
True 54 3 [0,1,2,3,4,5,6,7,8,9,5,2,2] [0,1,0,0,1,0,0,0,0,0,1,0,0]
True 55 3 [0,1,2,3,4,5,6,7,8,9,5,2,3] [0,0,1,0,1,0,0,0,0,0,1,0,0]
True 55 3 [0,1,2,3,4,5,6,7,8,9,5,3,2] [0,1,0,0,0,1,0,0,0,0,1,0,0]
False 56 3 [0,1,2,3,4,5,6,7,8,9,5,3,3] [0,0,1,0,0,1,0,0,0,0,1,0,0]
False 57 3 [0,1,2,3,4,5,6,7,8,9,5,3,4] [0,0,0,1,0,1,0,0,0,0,1,0,0]
False 56 3 [0,1,2,3,4,5,6,7,8,9,5,4,2] [0,1,0,0,0,0,1,0,0,0,1,0,0]
False 57 3 [0,1,2,3,4,5,6,7,8,9,5,4,3] [0,0,1,0,0,0,1,0,0,0,1,0,0]
False 58 3 [0,1,2,3,4,5,6,7,8,9,5,4,4] [0,0,0,1,0,0,1,0,0,0,1,0,0]
False 59 3 [0,1,2,3,4,5,6,7,8,9,5,4,5] [0,0,0,0,1,0,1,0,0,0,1,0,0]
False 57 3 [0,1,2,3,4,5,6,7,8,9,5,5,2] [0,1,0,0,0,0,0,1,0,0,1,0,0]
False 58 3 [0,1,2,3,4,5,6,7,8,9,5,5,3] [0,0,1,0,0,0,0,1,0,0,1,0,0]
False 59 3 [0,1,2,3,4,5,6,7,8,9,5,5,4] [0,0,0,1,0,0,0,1,0,0,1,0,0]
False 60 3 [0,1,2,3,4,5,6,7,8,9,5,5,5] [0,0,0,0,1,0,0,1,0,0,1,0,0]
False 61 3 [0,1,2,3,4,5,6,7,8,9,5,5,6] [0,0,0,0,0,1,0,1,0,0,1,0,0]
False 58 3 [0,1,2,3,4,5,6,7,8,9,5,6,2] [0,1,0,0,0,0,0,0,1,0,1,0,0]
False 59 3 [0,1,2,3,4,5,6,7,8,9,5,6,3] [0,0,1,0,0,0,0,0,1,0,1,0,0]
False 60 3 [0,1,2,3,4,5,6,7,8,9,5,6,4] [0,0,0,1,0,0,0,0,1,0,1,0,0]
False 61 3 [0,1,2,3,4,5,6,7,8,9,5,6,5] [0,0,0,0,1,0,0,0,1,0,1,0,0]
False 62 3 [0,1,2,3,4,5,6,7,8,9,5,6,6] [0,0,0,0,0,1,0,0,1,0,1,0,0]
False 63 3 [0,1,2,3,4,5,6,7,8,9,5,6,7] [0,0,0,0,0,0,1,0,1,0,1,0,0]
False 51 6 [0,1,2,3,4,5,6,7,8,9,6,0,0] [0,0,0,1,2,3,0,0,0,0,0,0,0]
False 52 4 [0,1,2,3,4,5,6,7,8,9,6,1,0] [0,1,2,0,0,0,0,0,0,0,1,0,0]
True 54 3 [0,1,2,3,4,5,6,7,8,9,6,1,2] [0,1,0,1,0,0,0,0,0,0,0,1,0]
True 55 3 [0,1,2,3,4,5,6,7,8,9,6,2,2] [0,1,0,0,1,0,0,0,0,0,0,1,0]
False 56 3 [0,1,2,3,4,5,6,7,8,9,6,2,3] [0,0,1,0,1,0,0,0,0,0,0,1,0]
False 56 3 [0,1,2,3,4,5,6,7,8,9,6,3,2] [0,1,0,0,0,1,0,0,0,0,0,1,0]
False 57 3 [0,1,2,3,4,5,6,7,8,9,6,3,3] [0,0,1,0,0,1,0,0,0,0,0,1,0]
False 58 3 [0,1,2,3,4,5,6,7,8,9,6,3,4] [0,0,0,1,0,1,0,0,0,0,0,1,0]
False 57 3 [0,1,2,3,4,5,6,7,8,9,6,4,2] [0,1,0,0,0,0,1,0,0,0,0,1,0]
False 58 3 [0,1,2,3,4,5,6,7,8,9,6,4,3] [0,0,1,0,0,0,1,0,0,0,0,1,0]
False 59 3 [0,1,2,3,4,5,6,7,8,9,6,4,4] [0,0,0,1,0,0,1,0,0,0,0,1,0]
False 60 3 [0,1,2,3,4,5,6,7,8,9,6,4,5] [0,0,0,0,1,0,1,0,0,0,0,1,0]
False 58 3 [0,1,2,3,4,5,6,7,8,9,6,5,2] [0,1,0,0,0,0,0,1,0,0,0,1,0]
False 59 3 [0,1,2,3,4,5,6,7,8,9,6,5,3] [0,0,1,0,0,0,0,1,0,0,0,1,0]
False 60 3 [0,1,2,3,4,5,6,7,8,9,6,5,4] [0,0,0,1,0,0,0,1,0,0,0,1,0]
False 61 3 [0,1,2,3,4,5,6,7,8,9,6,5,5] [0,0,0,0,1,0,0,1,0,0,0,1,0]
False 62 3 [0,1,2,3,4,5,6,7,8,9,6,5,6] [0,0,0,0,0,1,0,1,0,0,0,1,0]
False 59 3 [0,1,2,3,4,5,6,7,8,9,6,6,2] [0,1,0,0,0,0,0,0,1,0,0,1,0]
False 60 3 [0,1,2,3,4,5,6,7,8,9,6,6,3] [0,0,1,0,0,0,0,0,1,0,0,1,0]
False 61 3 [0,1,2,3,4,5,6,7,8,9,6,6,4] [0,0,0,1,0,0,0,0,1,0,0,1,0]
False 62 3 [0,1,2,3,4,5,6,7,8,9,6,6,5] [0,0,0,0,1,0,0,0,1,0,0,1,0]
False 63 3 [0,1,2,3,4,5,6,7,8,9,6,6,6] [0,0,0,0,0,1,0,0,1,0,0,1,0]
False 64 3 [0,1,2,3,4,5,6,7,8,9,6,6,7] [0,0,0,0,0,0,1,0,1,0,0,1,0]
False 60 3 [0,1,2,3,4,5,6,7,8,9,6,7,2] [0,1,0,0,0,0,0,0,0,1,0,1,0]
False 61 3 [0,1,2,3,4,5,6,7,8,9,6,7,3] [0,0,1,0,0,0,0,0,0,1,0,1,0]
False 62 3 [0,1,2,3,4,5,6,7,8,9,6,7,4] [0,0,0,1,0,0,0,0,0,1,0,1,0]
False 63 3 [0,1,2,3,4,5,6,7,8,9,6,7,5] [0,0,0,0,1,0,0,0,0,1,0,1,0]
False 64 3 [0,1,2,3,4,5,6,7,8,9,6,7,6] [0,0,0,0,0,1,0,0,0,1,0,1,0]
False 65 3 [0,1,2,3,4,5,6,7,8,9,6,7,7] [0,0,0,0,0,0,1,0,0,1,0,1,0]
False 66 3 [0,1,2,3,4,5,6,7,8,9,6,7,8] [0,0,0,0,0,0,0,1,0,1,0,1,0]
False 53 4 [0,1,2,3,4,5,6,7,8,9,7,1,0] [0,1,2,0,0,0,0,0,0,0,0,1,0]
True 55 3 [0,1,2,3,4,5,6,7,8,9,7,1,2] [0,1,0,1,0,0,0,0,0,0,0,0,1]
False 56 3 [0,1,2,3,4,5,6,7,8,9,7,2,2] [0,1,0,0,1,0,0,0,0,0,0,0,1]
False 57 3 [0,1,2,3,4,5,6,7,8,9,7,2,3] [0,0,1,0,1,0,0,0,0,0,0,0,1]
False 57 3 [0,1,2,3,4,5,6,7,8,9,7,3,2] [0,1,0,0,0,1,0,0,0,0,0,0,1]
False 58 3 [0,1,2,3,4,5,6,7,8,9,7,3,3] [0,0,1,0,0,1,0,0,0,0,0,0,1]
False 59 3 [0,1,2,3,4,5,6,7,8,9,7,3,4] [0,0,0,1,0,1,0,0,0,0,0,0,1]
False 58 3 [0,1,2,3,4,5,6,7,8,9,7,4,2] [0,1,0,0,0,0,1,0,0,0,0,0,1]
False 59 3 [0,1,2,3,4,5,6,7,8,9,7,4,3] [0,0,1,0,0,0,1,0,0,0,0,0,1]
False 60 3 [0,1,2,3,4,5,6,7,8,9,7,4,4] [0,0,0,1,0,0,1,0,0,0,0,0,1]
False 61 3 [0,1,2,3,4,5,6,7,8,9,7,4,5] [0,0,0,0,1,0,1,0,0,0,0,0,1]
False 59 3 [0,1,2,3,4,5,6,7,8,9,7,5,2] [0,1,0,0,0,0,0,1,0,0,0,0,1]
False 60 3 [0,1,2,3,4,5,6,7,8,9,7,5,3] [0,0,1,0,0,0,0,1,0,0,0,0,1]
False 61 3 [0,1,2,3,4,5,6,7,8,9,7,5,4] [0,0,0,1,0,0,0,1,0,0,0,0,1]
False 62 3 [0,1,2,3,4,5,6,7,8,9,7,5,5] [0,0,0,0,1,0,0,1,0,0,0,0,1]
False 63 3 [0,1,2,3,4,5,6,7,8,9,7,5,6] [0,0,0,0,0,1,0,1,0,0,0,0,1]
False 60 3 [0,1,2,3,4,5,6,7,8,9,7,6,2] [0,1,0,0,0,0,0,0,1,0,0,0,1]
False 61 3 [0,1,2,3,4,5,6,7,8,9,7,6,3] [0,0,1,0,0,0,0,0,1,0,0,0,1]
False 62 3 [0,1,2,3,4,5,6,7,8,9,7,6,4] [0,0,0,1,0,0,0,0,1,0,0,0,1]
False 63 3 [0,1,2,3,4,5,6,7,8,9,7,6,5] [0,0,0,0,1,0,0,0,1,0,0,0,1]
False 64 3 [0,1,2,3,4,5,6,7,8,9,7,6,6] [0,0,0,0,0,1,0,0,1,0,0,0,1]
False 65 3 [0,1,2,3,4,5,6,7,8,9,7,6,7] [0,0,0,0,0,0,1,0,1,0,0,0,1]
False 61 3 [0,1,2,3,4,5,6,7,8,9,7,7,2] [0,1,0,0,0,0,0,0,0,1,0,0,1]
False 62 3 [0,1,2,3,4,5,6,7,8,9,7,7,3] [0,0,1,0,0,0,0,0,0,1,0,0,1]
False 63 3 [0,1,2,3,4,5,6,7,8,9,7,7,4] [0,0,0,1,0,0,0,0,0,1,0,0,1]
False 64 3 [0,1,2,3,4,5,6,7,8,9,7,7,5] [0,0,0,0,1,0,0,0,0,1,0,0,1]
False 65 3 [0,1,2,3,4,5,6,7,8,9,7,7,6] [0,0,0,0,0,1,0,0,0,1,0,0,1]
False 66 3 [0,1,2,3,4,5,6,7,8,9,7,7,7] [0,0,0,0,0,0,1,0,0,1,0,0,1]
False 67 3 [0,1,2,3,4,5,6,7,8,9,7,7,8] [0,0,0,0,0,0,0,1,0,1,0,0,1]
False 62 3 [0,1,2,3,4,5,6,7,8,9,7,8,2] [0,1,0,0,0,0,0,0,0,0,1,0,1]
False 63 3 [0,1,2,3,4,5,6,7,8,9,7,8,3] [0,0,1,0,0,0,0,0,0,0,1,0,1]
False 64 3 [0,1,2,3,4,5,6,7,8,9,7,8,4] [0,0,0,1,0,0,0,0,0,0,1,0,1]
False 65 3 [0,1,2,3,4,5,6,7,8,9,7,8,5] [0,0,0,0,1,0,0,0,0,0,1,0,1]
False 66 3 [0,1,2,3,4,5,6,7,8,9,7,8,6] [0,0,0,0,0,1,0,0,0,0,1,0,1]
False 67 3 [0,1,2,3,4,5,6,7,8,9,7,8,7] [0,0,0,0,0,0,1,0,0,0,1,0,1]
False 68 3 [0,1,2,3,4,5,6,7,8,9,7,8,8] [0,0,0,0,0,0,0,1,0,0,1,0,1]
False 69 3 [0,1,2,3,4,5,6,7,8,9,7,8,9] [0,0,0,0,0,0,0,0,1,0,1,0,1]
False 54 4 [0,1,2,3,4,5,6,7,8,9,8,1,0] [0,1,2,0,0,0,0,0,0,0,0,0,1]
False 54 6 [0,1,2,3,4,5,6,7,8,9,9,0,0] [0,0,0,0,1,2,3,0,0,0,0,0,0]
True 55 3 [0,1,2,3,4,5,6,7,8,9,10,0,0] [0,1,2,0,0,0,0,0,0,0,0,0,0]
True 56 2 [0,1,2,3,4,5,6,7,8,9,10,0,1] [0,1,0,1,0,0,0,0,0,0,0,0,0]
True 57 2 [0,1,2,3,4,5,6,7,8,9,10,1,1] [0,1,0,0,1,0,0,0,0,0,0,0,0]
True 58 2 [0,1,2,3,4,5,6,7,8,9,10,1,2] [0,0,1,0,1,0,0,0,0,0,0,0,0]
False 57 3 [0,1,2,3,4,5,6,7,8,9,10,2,0] [0,0,1,2,0,0,0,0,0,0,0,0,0]
True 58 2 [0,1,2,3,4,5,6,7,8,9,10,2,1] [0,1,0,0,0,1,0,0,0,0,0,0,0]
True 59 2 [0,1,2,3,4,5,6,7,8,9,10,2,2] [0,0,1,0,0,1,0,0,0,0,0,0,0]
True 60 2 [0,1,2,3,4,5,6,7,8,9,10,2,3] [0,0,0,1,0,1,0,0,0,0,0,0,0]
True 59 2 [0,1,2,3,4,5,6,7,8,9,10,3,1] [0,1,0,0,0,0,1,0,0,0,0,0,0]
True 60 2 [0,1,2,3,4,5,6,7,8,9,10,3,2] [0,0,1,0,0,0,1,0,0,0,0,0,0]
True 61 2 [0,1,2,3,4,5,6,7,8,9,10,3,3] [0,0,0,1,0,0,1,0,0,0,0,0,0]
True 62 2 [0,1,2,3,4,5,6,7,8,9,10,3,4] [0,0,0,0,1,0,1,0,0,0,0,0,0]
False 59 3 [0,1,2,3,4,5,6,7,8,9,10,4,0] [0,0,0,1,2,0,0,0,0,0,0,0,0]
True 60 2 [0,1,2,3,4,5,6,7,8,9,10,4,1] [0,1,0,0,0,0,0,1,0,0,0,0,0]
True 61 2 [0,1,2,3,4,5,6,7,8,9,10,4,2] [0,0,1,0,0,0,0,1,0,0,0,0,0]
True 62 2 [0,1,2,3,4,5,6,7,8,9,10,4,3] [0,0,0,1,0,0,0,1,0,0,0,0,0]
True 63 2 [0,1,2,3,4,5,6,7,8,9,10,4,4] [0,0,0,0,1,0,0,1,0,0,0,0,0]
True 64 2 [0,1,2,3,4,5,6,7,8,9,10,4,5] [0,0,0,0,0,1,0,1,0,0,0,0,0]
True 61 2 [0,1,2,3,4,5,6,7,8,9,10,5,1] [0,1,0,0,0,0,0,0,1,0,0,0,0]
True 62 2 [0,1,2,3,4,5,6,7,8,9,10,5,2] [0,0,1,0,0,0,0,0,1,0,0,0,0]
True 63 2 [0,1,2,3,4,5,6,7,8,9,10,5,3] [0,0,0,1,0,0,0,0,1,0,0,0,0]
True 64 2 [0,1,2,3,4,5,6,7,8,9,10,5,4] [0,0,0,0,1,0,0,0,1,0,0,0,0]
True 65 2 [0,1,2,3,4,5,6,7,8,9,10,5,5] [0,0,0,0,0,1,0,0,1,0,0,0,0]
False 66 2 [0,1,2,3,4,5,6,7,8,9,10,5,6] [0,0,0,0,0,0,1,0,1,0,0,0,0]
False 61 3 [0,1,2,3,4,5,6,7,8,9,10,6,0] [0,0,0,0,1,2,0,0,0,0,0,0,0]
True 62 2 [0,1,2,3,4,5,6,7,8,9,10,6,1] [0,1,0,0,0,0,0,0,0,1,0,0,0]
True 63 2 [0,1,2,3,4,5,6,7,8,9,10,6,2] [0,0,1,0,0,0,0,0,0,1,0,0,0]
True 64 2 [0,1,2,3,4,5,6,7,8,9,10,6,3] [0,0,0,1,0,0,0,0,0,1,0,0,0]
True 65 2 [0,1,2,3,4,5,6,7,8,9,10,6,4] [0,0,0,0,1,0,0,0,0,1,0,0,0]
False 66 2 [0,1,2,3,4,5,6,7,8,9,10,6,5] [0,0,0,0,0,1,0,0,0,1,0,0,0]
False 67 2 [0,1,2,3,4,5,6,7,8,9,10,6,6] [0,0,0,0,0,0,1,0,0,1,0,0,0]
False 68 2 [0,1,2,3,4,5,6,7,8,9,10,6,7] [0,0,0,0,0,0,0,1,0,1,0,0,0]
True 63 2 [0,1,2,3,4,5,6,7,8,9,10,7,1] [0,1,0,0,0,0,0,0,0,0,1,0,0]
True 64 2 [0,1,2,3,4,5,6,7,8,9,10,7,2] [0,0,1,0,0,0,0,0,0,0,1,0,0]
True 65 2 [0,1,2,3,4,5,6,7,8,9,10,7,3] [0,0,0,1,0,0,0,0,0,0,1,0,0]
False 66 2 [0,1,2,3,4,5,6,7,8,9,10,7,4] [0,0,0,0,1,0,0,0,0,0,1,0,0]
False 67 2 [0,1,2,3,4,5,6,7,8,9,10,7,5] [0,0,0,0,0,1,0,0,0,0,1,0,0]
False 68 2 [0,1,2,3,4,5,6,7,8,9,10,7,6] [0,0,0,0,0,0,1,0,0,0,1,0,0]
False 69 2 [0,1,2,3,4,5,6,7,8,9,10,7,7] [0,0,0,0,0,0,0,1,0,0,1,0,0]
False 70 2 [0,1,2,3,4,5,6,7,8,9,10,7,8] [0,0,0,0,0,0,0,0,1,0,1,0,0]
False 63 3 [0,1,2,3,4,5,6,7,8,9,10,8,0] [0,0,0,0,0,1,2,0,0,0,0,0,0]
True 64 2 [0,1,2,3,4,5,6,7,8,9,10,8,1] [0,1,0,0,0,0,0,0,0,0,0,1,0]
True 65 2 [0,1,2,3,4,5,6,7,8,9,10,8,2] [0,0,1,0,0,0,0,0,0,0,0,1,0]
False 66 2 [0,1,2,3,4,5,6,7,8,9,10,8,3] [0,0,0,1,0,0,0,0,0,0,0,1,0]
False 67 2 [0,1,2,3,4,5,6,7,8,9,10,8,4] [0,0,0,0,1,0,0,0,0,0,0,1,0]
False 68 2 [0,1,2,3,4,5,6,7,8,9,10,8,5] [0,0,0,0,0,1,0,0,0,0,0,1,0]
False 69 2 [0,1,2,3,4,5,6,7,8,9,10,8,6] [0,0,0,0,0,0,1,0,0,0,0,1,0]
False 70 2 [0,1,2,3,4,5,6,7,8,9,10,8,7] [0,0,0,0,0,0,0,1,0,0,0,1,0]
False 71 2 [0,1,2,3,4,5,6,7,8,9,10,8,8] [0,0,0,0,0,0,0,0,1,0,0,1,0]
False 72 2 [0,1,2,3,4,5,6,7,8,9,10,8,9] [0,0,0,0,0,0,0,0,0,1,0,1,0]
True 65 2 [0,1,2,3,4,5,6,7,8,9,10,9,1] [0,1,0,0,0,0,0,0,0,0,0,0,1]
False 66 2 [0,1,2,3,4,5,6,7,8,9,10,9,2] [0,0,1,0,0,0,0,0,0,0,0,0,1]
False 67 2 [0,1,2,3,4,5,6,7,8,9,10,9,3] [0,0,0,1,0,0,0,0,0,0,0,0,1]
False 68 2 [0,1,2,3,4,5,6,7,8,9,10,9,4] [0,0,0,0,1,0,0,0,0,0,0,0,1]
False 69 2 [0,1,2,3,4,5,6,7,8,9,10,9,5] [0,0,0,0,0,1,0,0,0,0,0,0,1]
False 70 2 [0,1,2,3,4,5,6,7,8,9,10,9,6] [0,0,0,0,0,0,1,0,0,0,0,0,1]
False 71 2 [0,1,2,3,4,5,6,7,8,9,10,9,7] [0,0,0,0,0,0,0,1,0,0,0,0,1]
False 72 2 [0,1,2,3,4,5,6,7,8,9,10,9,8] [0,0,0,0,0,0,0,0,1,0,0,0,1]
False 73 2 [0,1,2,3,4,5,6,7,8,9,10,9,9] [0,0,0,0,0,0,0,0,0,1,0,0,1]
False 74 2 [0,1,2,3,4,5,6,7,8,9,10,9,10] [0,0,0,0,0,0,0,0,0,0,1,0,1]
False 65 3 [0,1,2,3,4,5,6,7,8,9,10,10,0] [0,0,0,0,0,0,1,2,0,0,0,0,0]
True 66 1 [0,1,2,3,4,5,6,7,8,9,10,11,0] [0,1,0,0,0,0,0,0,0,0,0,0,0]
True 67 1 [0,1,2,3,4,5,6,7,8,9,10,11,1] [0,0,1,0,0,0,0,0,0,0,0,0,0]
True 68 1 [0,1,2,3,4,5,6,7,8,9,10,11,2] [0,0,0,1,0,0,0,0,0,0,0,0,0]
True 69 1 [0,1,2,3,4,5,6,7,8,9,10,11,3] [0,0,0,0,1,0,0,0,0,0,0,0,0]
True 70 1 [0,1,2,3,4,5,6,7,8,9,10,11,4] [0,0,0,0,0,1,0,0,0,0,0,0,0]
True 71 1 [0,1,2,3,4,5,6,7,8,9,10,11,5] [0,0,0,0,0,0,1,0,0,0,0,0,0]
True 72 1 [0,1,2,3,4,5,6,7,8,9,10,11,6] [0,0,0,0,0,0,0,1,0,0,0,0,0]
True 73 1 [0,1,2,3,4,5,6,7,8,9,10,11,7] [0,0,0,0,0,0,0,0,1,0,0,0,0]
True 74 1 [0,1,2,3,4,5,6,7,8,9,10,11,8] [0,0,0,0,0,0,0,0,0,1,0,0,0]
True 75 1 [0,1,2,3,4,5,6,7,8,9,10,11,9] [0,0,0,0,0,0,0,0,0,0,1,0,0]
True 76 1 [0,1,2,3,4,5,6,7,8,9,10,11,10] [0,0,0,0,0,0,0,0,0,0,0,1,0]
True 77 1 [0,1,2,3,4,5,6,7,8,9,10,11,11] [0,0,0,0,0,0,0,0,0,0,0,0,1]
True 78 0 [0,1,2,3,4,5,6,7,8,9,10,11,12] [0,0,0,0,0,0,0,0,0,0,0,0,0]
