[1,1,1,0,0,0,1,0,1,0] [1,1,1,0,0,0,1,0,1,0] 3 3 True
[1,1,1,0,0,0,1,1,0,0] [1,1,0,0,1,1,0,0,1,0] 4 2 True
[1,1,1,0,0,1,0,1,0,0] [1,1,0,0,1,0,1,1,0,0] 5 2 True
[1,1,1,0,0,1,1,0,0,0] [1,0,1,1,0,0,1,1,0,0] 6 2 False
[1,1,1,0,1,0,0,0,1,0] [1,0,1,1,1,0,0,0,1,0] 5 3 False
[1,1,1,1,0,0,0,0,1,0] [1,1,0,0,1,0,1,0,1,0] 6 1 True
[1,1,1,1,0,0,0,1,0,0] [1,0,1,1,0,0,1,0,1,0] 7 1 True
[1,1,1,1,0,0,1,0,0,0] [1,0,1,0,1,1,0,0,1,0] 8 1 True
[1,1,1,1,0,1,0,0,0,0] [1,0,1,0,1,0,1,1,0,0] 9 1 True
[1,1,1,1,1,0,0,0,0,0] [1,0,1,0,1,0,1,0,1,0] 10 0 True
