[1,1,1,0,0,0,1,1,0,0,1,0] [1,1,1,0,0,0,1,1,0,0,1,0] 4 4 True
[1,1,1,0,0,0,1,1,0,1,0,0] [1,1,0,0,1,1,1,0,0,0,1,0] 5 4 True
[1,1,1,0,0,0,1,1,1,0,0,0] [1,1,0,0,1,1,0,0,1,1,0,0] 6 3 True
[1,1,1,0,0,1,0,1,0,0,1,0] [1,1,1,0,0,0,1,0,1,1,0,0] 5 4 True
[1,1,1,1,0,0,0,0,1,0,1,0] [1,1,1,0,0,0,1,0,1,0,1,0] 6 3 True
[1,1,1,1,0,0,0,0,1,1,0,0] [1,1,0,0,1,1,0,0,1,0,1,0] 7 2 True
[1,1,1,1,0,0,0,1,0,1,0,0] [1,1,0,0,1,0,1,1,0,0,1,0] 8 2 True
[1,1,1,1,0,0,0,1,1,0,0,0] [1,0,1,1,0,0,1,1,0,0,1,0] 9 2 True
[1,1,1,1,0,0,1,0,0,0,1,0] [1,0,1,1,1,0,0,0,1,0,1,0] 8 3 False
[1,1,1,1,0,0,1,0,0,1,0,0] [1,1,0,0,1,0,1,0,1,1,0,0] 9 2 True
[1,1,1,1,0,0,1,0,1,0,0,0] [1,0,1,1,0,0,1,0,1,1,0,0] 10 2 False
[1,1,1,1,0,0,1,1,0,0,0,0] [1,0,1,0,1,1,0,0,1,1,0,0] 11 2 False
[1,1,1,1,1,0,0,0,0,0,1,0] [1,1,0,0,1,0,1,0,1,0,1,0] 10 1 True
[1,1,1,1,1,0,0,0,0,1,0,0] [1,0,1,1,0,0,1,0,1,0,1,0] 11 1 True
[1,1,1,1,1,0,0,0,1,0,0,0] [1,0,1,0,1,1,0,0,1,0,1,0] 12 1 True
[1,1,1,1,1,0,0,1,0,0,0,0] [1,0,1,0,1,0,1,1,0,0,1,0] 13 1 True
[1,1,1,1,1,0,1,0,0,0,0,0] [1,0,1,0,1,0,1,0,1,1,0,0] 14 1 True
[1,1,1,1,1,1,0,0,0,0,0,0] [1,0,1,0,1,0,1,0,1,0,1,0] 15 0 True
