[0,1,2,0,1,2,0] [0,1,2,0,1,0,1] 6 5 True
[0,1,2,0,1,2,1] [0,1,0,1,2,0,1] 7 5 False
[0,1,2,0,1,2,2] [0,1,0,1,0,1,2] 8 5 False
[0,1,2,2,1,0,1] [0,1,2,0,0,1,2] 7 6 False
[0,1,2,2,3,0,1] [0,0,1,2,0,1,2] 9 6 False
[0,1,2,3,0,0,0] [0,1,2,3,0,0,0] 6 6 False
[0,1,2,3,0,1,0] [0,1,2,0,1,0,0] 7 4 True
[0,1,2,3,0,1,1] [0,1,0,1,2,0,0] 8 4 True
[0,1,2,3,0,1,2] [0,1,0,1,0,1,0] 9 3 True
[0,1,2,3,1,1,0] [0,1,2,0,0,1,0] 8 4 True
[0,1,2,3,1,1,2] [0,1,0,1,0,0,1] 10 3 True
[0,1,2,3,1,2,2] [0,1,0,0,1,0,1] 11 3 False
[0,1,2,3,1,2,3] [0,0,1,0,1,0,1] 12 3 False
[0,1,2,3,2,1,0] [0,1,2,0,0,0,1] 9 4 False
[0,1,2,3,3,0,0] [0,0,1,2,3,0,0] 9 6 False
[0,1,2,3,4,0,0] [0,1,2,0,0,0,0] 10 3 True
[0,1,2,3,4,0,1] [0,1,0,1,0,0,0] 11 2 True
[0,1,2,3,4,1,1] [0,1,0,0,1,0,0] 12 2 True
[0,1,2,3,4,1,2] [0,0,1,0,1,0,0] 13 2 True
[0,1,2,3,4,2,0] [0,0,1,2,0,0,0] 12 3 False
[0,1,2,3,4,2,1] [0,1,0,0,0,1,0] 13 2 True
[0,1,2,3,4,2,2] [0,0,1,0,0,1,0] 14 2 True
[0,1,2,3,4,2,3] [0,0,0,1,0,1,0] 15 2 False
[0,1,2,3,4,3,1] [0,1,0,0,0,0,1] 14 2 True
[0,1,2,3,4,3,2] [0,0,1,0,0,0,1] 15 2 False
[0,1,2,3,4,3,3] [0,0,0,1,0,0,1] 16 2 False
[0,1,2,3,4,3,4] [0,0,0,0,1,0,1] 17 2 False
[0,1,2,3,4,4,0] [0,0,0,1,2,0,0] 14 3 False
[0,1,2,3,4,5,0] [0,1,0,0,0,0,0] 15 1 True
[0,1,2,3,4,5,1] [0,0,1,0,0,0,0] 16 1 True
[0,1,2,3,4,5,2] [0,0,0,1,0,0,0] 17 1 True
[0,1,2,3,4,5,3] [0,0,0,0,1,0,0] 18 1 True
[0,1,2,3,4,5,4] [0,0,0,0,0,1,0] 19 1 True
[0,1,2,3,4,5,5] [0,0,0,0,0,0,1] 20 1 True
[0,1,2,3,4,5,6] [0,0,0,0,0,0,0] 21 0 True
