[0,1,2,0,1,2,0,1] [0,1,2,0,1,2,0,1] 7 7 True
[0,1,2,0,1,2,1,1] [0,1,2,0,1,0,1,2] 8 7 False
[0,1,2,0,1,2,1,2] [0,1,0,1,2,0,1,2] 9 7 False
[0,1,2,0,1,2,2,0] [0,1,0,1,2,3,0,1] 8 8 False
[0,1,2,3,0,1,0,0] [0,1,2,3,0,1,0,0] 7 7 True
[0,1,2,3,0,1,0,1] [0,1,2,0,1,2,0,0] 8 6 True
[0,1,2,3,0,1,2,0] [0,1,2,0,1,0,1,0] 9 5 True
[0,1,2,3,0,1,2,1] [0,1,0,1,2,0,1,0] 10 5 True
[0,1,2,3,0,1,2,2] [0,1,0,1,0,1,2,0] 11 5 False
[0,1,2,3,0,1,2,3] [0,1,0,1,0,1,0,1] 12 4 True
[0,1,2,3,1,1,0,0] [0,1,2,3,0,0,1,0] 8 7 False
[0,1,2,3,1,1,2,0] [0,1,2,0,1,0,0,1] 10 5 True
[0,1,2,3,1,1,2,1] [0,1,0,1,2,0,0,1] 11 5 False
[0,1,2,3,1,2,2,0] [0,1,2,0,0,1,0,1] 11 5 False
[0,1,2,3,1,2,2,2] [0,0,1,2,0,1,0,1] 13 5 False
[0,1,2,3,2,1,0,0] [0,1,2,3,0,0,0,1] 9 7 False
[0,1,2,3,2,1,0,1] [0,1,2,0,0,1,2,0] 10 6 False
[0,1,2,3,2,3,0,1] [0,0,1,2,0,1,2,0] 12 6 False
[0,1,2,3,4,0,0,0] [0,1,2,3,0,0,0,0] 10 6 False
[0,1,2,3,4,0,1,0] [0,1,2,0,1,0,0,0] 11 4 True
[0,1,2,3,4,0,1,1] [0,1,0,1,2,0,0,0] 12 4 True
[0,1,2,3,4,0,1,2] [0,1,0,1,0,1,0,0] 13 3 True
[0,1,2,3,4,1,1,0] [0,1,2,0,0,1,0,0] 12 4 True
[0,1,2,3,4,1,1,2] [0,1,0,1,0,0,1,0] 14 3 True
[0,1,2,3,4,1,2,2] [0,1,0,0,1,0,1,0] 15 3 True
[0,1,2,3,4,1,2,3] [0,0,1,0,1,0,1,0] 16 3 False
[0,1,2,3,4,2,1,0] [0,1,2,0,0,0,1,0] 13 4 False
[0,1,2,3,4,2,1,2] [0,1,0,1,0,0,0,1] 15 3 True
[0,1,2,3,4,2,2,2] [0,1,0,0,1,0,0,1] 16 3 False
[0,1,2,3,4,2,2,3] [0,0,1,0,1,0,0,1] 17 3 False
[0,1,2,3,4,2,3,2] [0,1,0,0,0,1,0,1] 17 3 False
[0,1,2,3,4,2,3,3] [0,0,1,0,0,1,0,1] 18 3 False
[0,1,2,3,4,2,3,4] [0,0,0,1,0,1,0,1] 19 3 False
[0,1,2,3,4,3,0,0] [0,0,1,2,3,0,0,0] 13 6 False
[0,1,2,3,4,3,1,0] [0,1,2,0,0,0,0,1] 14 4 False
[0,1,2,3,4,5,0,0] [0,1,2,0,0,0,0,0] 15 3 True
[0,1,2,3,4,5,0,1] [0,1,0,1,0,0,0,0] 16 2 True
[0,1,2,3,4,5,1,1] [0,1,0,0,1,0,0,0] 17 2 True
[0,1,2,3,4,5,1,2] [0,0,1,0,1,0,0,0] 18 2 True
[0,1,2,3,4,5,2,0] [0,0,1,2,0,0,0,0] 17 3 False
[0,1,2,3,4,5,2,1] [0,1,0,0,0,1,0,0] 18 2 True
[0,1,2,3,4,5,2,2] [0,0,1,0,0,1,0,0] 19 2 True
[0,1,2,3,4,5,2,3] [0,0,0,1,0,1,0,0] 20 2 True
[0,1,2,3,4,5,3,1] [0,1,0,0,0,0,1,0] 19 2 True
[0,1,2,3,4,5,3,2] [0,0,1,0,0,0,1,0] 20 2 True
[0,1,2,3,4,5,3,3] [0,0,0,1,0,0,1,0] 21 2 False
[0,1,2,3,4,5,3,4] [0,0,0,0,1,0,1,0] 22 2 False
[0,1,2,3,4,5,4,0] [0,0,0,1,2,0,0,0] 19 3 False
[0,1,2,3,4,5,4,1] [0,1,0,0,0,0,0,1] 20 2 True
[0,1,2,3,4,5,4,2] [0,0,1,0,0,0,0,1] 21 2 False
[0,1,2,3,4,5,4,3] [0,0,0,1,0,0,0,1] 22 2 False
[0,1,2,3,4,5,4,4] [0,0,0,0,1,0,0,1] 23 2 False
[0,1,2,3,4,5,4,5] [0,0,0,0,0,1,0,1] 24 2 False
[0,1,2,3,4,5,6,0] [0,1,0,0,0,0,0,0] 21 1 True
[0,1,2,3,4,5,6,1] [0,0,1,0,0,0,0,0] 22 1 True
[0,1,2,3,4,5,6,2] [0,0,0,1,0,0,0,0] 23 1 True
[0,1,2,3,4,5,6,3] [0,0,0,0,1,0,0,0] 24 1 True
[0,1,2,3,4,5,6,4] [0,0,0,0,0,1,0,0] 25 1 True
[0,1,2,3,4,5,6,5] [0,0,0,0,0,0,1,0] 26 1 True
[0,1,2,3,4,5,6,6] [0,0,0,0,0,0,0,1] 27 1 True
[0,1,2,3,4,5,6,7] [0,0,0,0,0,0,0,0] 28 0 True
