False 9 9 [0,1,2,0,1,2,0,1,2] [0,1,2,0,1,2,0,1,2]
False 9 9 [0,1,2,3,0,1,0,1,1] [0,1,2,0,1,2,3,0,0]
True 9 8 [0,1,2,3,0,1,2,0,0] [0,1,2,3,0,1,0,1,0]
True 10 7 [0,1,2,3,0,1,2,0,1] [0,1,2,0,1,2,0,1,0]
True 11 7 [0,1,2,3,0,1,2,1,1] [0,1,2,0,1,0,1,2,0]
False 12 7 [0,1,2,3,0,1,2,1,2] [0,1,0,1,2,0,1,2,0]
False 11 8 [0,1,2,3,0,1,2,2,0] [0,1,0,1,2,3,0,1,0]
True 12 6 [0,1,2,3,0,1,2,3,0] [0,1,2,0,1,0,1,0,1]
False 13 6 [0,1,2,3,0,1,2,3,1] [0,1,0,1,2,0,1,0,1]
False 14 6 [0,1,2,3,0,1,2,3,2] [0,1,0,1,0,1,2,0,1]
False 15 6 [0,1,2,3,0,1,2,3,3] [0,1,0,1,0,1,0,1,2]
False 10 8 [0,1,2,3,1,1,2,0,0] [0,1,2,3,0,1,0,0,1]
True 11 7 [0,1,2,3,1,1,2,0,1] [0,1,2,0,1,2,0,0,1]
False 12 8 [0,1,2,3,1,1,2,2,0] [0,1,0,1,2,3,0,0,1]
False 13 7 [0,1,2,3,1,1,2,2,1] [0,1,2,0,0,1,2,0,1]
False 15 7 [0,1,2,3,1,1,2,2,3] [0,0,1,2,0,1,2,0,1]
False 11 8 [0,1,2,3,1,2,2,0,0] [0,1,2,3,0,0,1,0,1]
False 10 9 [0,1,2,3,2,1,0,1,0] [0,1,2,3,0,0,1,2,0]
False 10 10 [0,1,2,3,4,0,0,0,0] [0,1,2,3,4,0,0,0,0]
True 11 7 [0,1,2,3,4,0,1,0,0] [0,1,2,3,0,1,0,0,0]
True 12 6 [0,1,2,3,4,0,1,0,1] [0,1,2,0,1,2,0,0,0]
True 13 5 [0,1,2,3,4,0,1,2,0] [0,1,2,0,1,0,1,0,0]
True 14 5 [0,1,2,3,4,0,1,2,1] [0,1,0,1,2,0,1,0,0]
True 15 5 [0,1,2,3,4,0,1,2,2] [0,1,0,1,0,1,2,0,0]
True 16 4 [0,1,2,3,4,0,1,2,3] [0,1,0,1,0,1,0,1,0]
False 12 7 [0,1,2,3,4,1,1,0,0] [0,1,2,3,0,0,1,0,0]
True 14 5 [0,1,2,3,4,1,1,2,0] [0,1,2,0,1,0,0,1,0]
True 15 5 [0,1,2,3,4,1,1,2,1] [0,1,0,1,2,0,0,1,0]
True 17 4 [0,1,2,3,4,1,1,2,3] [0,1,0,1,0,1,0,0,1]
True 15 5 [0,1,2,3,4,1,2,2,0] [0,1,2,0,0,1,0,1,0]
False 17 5 [0,1,2,3,4,1,2,2,2] [0,0,1,2,0,1,0,1,0]
False 18 4 [0,1,2,3,4,1,2,2,3] [0,1,0,1,0,0,1,0,1]
False 19 4 [0,1,2,3,4,1,2,3,3] [0,1,0,0,1,0,1,0,1]
False 20 4 [0,1,2,3,4,1,2,3,4] [0,0,1,0,1,0,1,0,1]
False 13 7 [0,1,2,3,4,2,1,0,0] [0,1,2,3,0,0,0,1,0]
False 14 6 [0,1,2,3,4,2,1,0,1] [0,1,2,0,0,1,2,0,0]
True 15 5 [0,1,2,3,4,2,1,2,0] [0,1,2,0,1,0,0,0,1]
False 16 5 [0,1,2,3,4,2,1,2,1] [0,1,0,1,2,0,0,0,1]
False 16 5 [0,1,2,3,4,2,2,2,0] [0,1,2,0,0,1,0,0,1]
False 18 5 [0,1,2,3,4,2,2,2,2] [0,0,1,2,0,1,0,0,1]
False 16 6 [0,1,2,3,4,2,3,0,1] [0,0,1,2,0,1,2,0,0]
False 17 5 [0,1,2,3,4,2,3,2,0] [0,1,2,0,0,0,1,0,1]
False 19 5 [0,1,2,3,4,2,3,2,2] [0,0,1,2,0,0,1,0,1]
False 14 7 [0,1,2,3,4,3,1,0,0] [0,1,2,3,0,0,0,0,1]
False 14 10 [0,1,2,3,4,4,0,0,0] [0,0,1,2,3,4,0,0,0]
False 16 6 [0,1,2,3,4,4,1,0,1] [0,1,2,0,0,0,1,2,0]
False 18 6 [0,1,2,3,4,4,3,0,1] [0,0,1,2,0,0,1,2,0]
False 20 6 [0,1,2,3,4,4,5,0,1] [0,0,0,1,2,0,1,2,0]
False 15 6 [0,1,2,3,4,5,0,0,0] [0,1,2,3,0,0,0,0,0]
True 16 4 [0,1,2,3,4,5,0,1,0] [0,1,2,0,1,0,0,0,0]
True 17 4 [0,1,2,3,4,5,0,1,1] [0,1,0,1,2,0,0,0,0]
True 18 3 [0,1,2,3,4,5,0,1,2] [0,1,0,1,0,1,0,0,0]
True 17 4 [0,1,2,3,4,5,1,1,0] [0,1,2,0,0,1,0,0,0]
True 19 3 [0,1,2,3,4,5,1,1,2] [0,1,0,1,0,0,1,0,0]
True 20 3 [0,1,2,3,4,5,1,2,2] [0,1,0,0,1,0,1,0,0]
True 21 3 [0,1,2,3,4,5,1,2,3] [0,0,1,0,1,0,1,0,0]
False 18 4 [0,1,2,3,4,5,2,1,0] [0,1,2,0,0,0,1,0,0]
True 20 3 [0,1,2,3,4,5,2,1,2] [0,1,0,1,0,0,0,1,0]
True 21 3 [0,1,2,3,4,5,2,2,2] [0,1,0,0,1,0,0,1,0]
False 22 3 [0,1,2,3,4,5,2,2,3] [0,0,1,0,1,0,0,1,0]
False 22 3 [0,1,2,3,4,5,2,3,2] [0,1,0,0,0,1,0,1,0]
False 23 3 [0,1,2,3,4,5,2,3,3] [0,0,1,0,0,1,0,1,0]
False 24 3 [0,1,2,3,4,5,2,3,4] [0,0,0,1,0,1,0,1,0]
False 18 6 [0,1,2,3,4,5,3,0,0] [0,0,1,2,3,0,0,0,0]
False 19 4 [0,1,2,3,4,5,3,1,0] [0,1,2,0,0,0,0,1,0]
True 21 3 [0,1,2,3,4,5,3,1,2] [0,1,0,1,0,0,0,0,1]
False 22 3 [0,1,2,3,4,5,3,2,2] [0,1,0,0,1,0,0,0,1]
False 23 3 [0,1,2,3,4,5,3,2,3] [0,0,1,0,1,0,0,0,1]
False 23 3 [0,1,2,3,4,5,3,3,2] [0,1,0,0,0,1,0,0,1]
False 24 3 [0,1,2,3,4,5,3,3,3] [0,0,1,0,0,1,0,0,1]
False 25 3 [0,1,2,3,4,5,3,3,4] [0,0,0,1,0,1,0,0,1]
False 24 3 [0,1,2,3,4,5,3,4,2] [0,1,0,0,0,0,1,0,1]
False 25 3 [0,1,2,3,4,5,3,4,3] [0,0,1,0,0,0,1,0,1]
False 26 3 [0,1,2,3,4,5,3,4,4] [0,0,0,1,0,0,1,0,1]
False 27 3 [0,1,2,3,4,5,3,4,5] [0,0,0,0,1,0,1,0,1]
False 20 4 [0,1,2,3,4,5,4,1,0] [0,1,2,0,0,0,0,0,1]
True 21 3 [0,1,2,3,4,5,6,0,0] [0,1,2,0,0,0,0,0,0]
True 22 2 [0,1,2,3,4,5,6,0,1] [0,1,0,1,0,0,0,0,0]
True 23 2 [0,1,2,3,4,5,6,1,1] [0,1,0,0,1,0,0,0,0]
True 24 2 [0,1,2,3,4,5,6,1,2] [0,0,1,0,1,0,0,0,0]
False 23 3 [0,1,2,3,4,5,6,2,0] [0,0,1,2,0,0,0,0,0]
True 24 2 [0,1,2,3,4,5,6,2,1] [0,1,0,0,0,1,0,0,0]
True 25 2 [0,1,2,3,4,5,6,2,2] [0,0,1,0,0,1,0,0,0]
True 26 2 [0,1,2,3,4,5,6,2,3] [0,0,0,1,0,1,0,0,0]
True 25 2 [0,1,2,3,4,5,6,3,1] [0,1,0,0,0,0,1,0,0]
True 26 2 [0,1,2,3,4,5,6,3,2] [0,0,1,0,0,0,1,0,0]
True 27 2 [0,1,2,3,4,5,6,3,3] [0,0,0,1,0,0,1,0,0]
False 28 2 [0,1,2,3,4,5,6,3,4] [0,0,0,0,1,0,1,0,0]
False 25 3 [0,1,2,3,4,5,6,4,0] [0,0,0,1,2,0,0,0,0]
True 26 2 [0,1,2,3,4,5,6,4,1] [0,1,0,0,0,0,0,1,0]
True 27 2 [0,1,2,3,4,5,6,4,2] [0,0,1,0,0,0,0,1,0]
False 28 2 [0,1,2,3,4,5,6,4,3] [0,0,0,1,0,0,0,1,0]
False 29 2 [0,1,2,3,4,5,6,4,4] [0,0,0,0,1,0,0,1,0]
False 30 2 [0,1,2,3,4,5,6,4,5] [0,0,0,0,0,1,0,1,0]
True 27 2 [0,1,2,3,4,5,6,5,1] [0,1,0,0,0,0,0,0,1]
False 28 2 [0,1,2,3,4,5,6,5,2] [0,0,1,0,0,0,0,0,1]
False 29 2 [0,1,2,3,4,5,6,5,3] [0,0,0,1,0,0,0,0,1]
False 30 2 [0,1,2,3,4,5,6,5,4] [0,0,0,0,1,0,0,0,1]
False 31 2 [0,1,2,3,4,5,6,5,5] [0,0,0,0,0,1,0,0,1]
False 32 2 [0,1,2,3,4,5,6,5,6] [0,0,0,0,0,0,1,0,1]
False 27 3 [0,1,2,3,4,5,6,6,0] [0,0,0,0,1,2,0,0,0]
True 28 1 [0,1,2,3,4,5,6,7,0] [0,1,0,0,0,0,0,0,0]
True 29 1 [0,1,2,3,4,5,6,7,1] [0,0,1,0,0,0,0,0,0]
True 30 1 [0,1,2,3,4,5,6,7,2] [0,0,0,1,0,0,0,0,0]
True 31 1 [0,1,2,3,4,5,6,7,3] [0,0,0,0,1,0,0,0,0]
True 32 1 [0,1,2,3,4,5,6,7,4] [0,0,0,0,0,1,0,0,0]
True 33 1 [0,1,2,3,4,5,6,7,5] [0,0,0,0,0,0,1,0,0]
True 34 1 [0,1,2,3,4,5,6,7,6] [0,0,0,0,0,0,0,1,0]
True 35 1 [0,1,2,3,4,5,6,7,7] [0,0,0,0,0,0,0,0,1]
True 36 0 [0,1,2,3,4,5,6,7,8] [0,0,0,0,0,0,0,0,0]
